151
192 200
42 200
109 59
138 27
98 165
64 183
159 100
54 147
177 93
200 167
25 35
145 28
63 66
76 120
93 147
147 165
1 132
34 80
29 37
98 175
100 135
63 73
171 53
117 23
146 195
122 13
15 24
135 183
146 156
179 42
184 198
110 110
4 9
91 2
103 123
77 144
78 35
191 50
133 132
115 91
86 46
76 3
94 61
165 129
147 198
11 136
135 98
73 165
80 155
38 5
153 121
151 187
20 83
37 78
60 7
174 125
95 121
54 71
149 85
167 61
110 58
94 179
40 11
133 148
132 65
46 148
36 25
32 34
12 145
122 144
188 14
72 163
39 160
60 197
149 19
75 87
99 158
105 165
165 73
169 117
54 43
25 182
17 89
10 173
25 37
27 33
123 20
155 177
27 27
47 118
59 4
15 72
63 141
65 77
117 52
63 178
179 117
69 151
112 144
143 10
12 38
86 120
152 33
22 2
60 140
157 150
150 132
118 13
27 37
2 178
4 138
132 55
102 20
15 92
30 142
120 151
112 118
109 80
12 15
92 60
154 130
111 39
176 70
43 165
132 174
155 192
184 90
102 94
110 149
134 5
6 146
141 106
134 168
147 70
45 94
108 45
49 125
171 86
52 164
108 154
186 138
149 15
81 199
91 63
64 158
68 5
175 50
105 7
158 5
195 34
133 186

