200
503180332 558657804
839782189 394475709
551974902 162703398
813284647 660264417
751373858 184506566
836212727 313892890
530575781 738057951
186343873 365014679
780040121 885038883
332760217 460097382
455657160 165387511
221760724 321079501
604608790 542970541
248613290 612994936
914336038 205415536
184471965 744517094
453637245 728361978
415612749 365236563
681234841 928225499
302118142 108512179
665674253 300880550
103647378 716216925
721000828 753926233
346861973 710707280
302775372 726758356
413006400 155341017
670569791 528668838
802156049 940158007
119428812 169171211
549269303 463111407
148877495 562060254
810705441 306776372
239325792 757352351
293687730 64567634
684666360 304672584
199599403 886016302
537681282 460616608
533239086 290739161
195752653 210919203
571691606 834520140
689387292 743257392
865033575 651152520
242385925 97458898
716753021 142843976
532377190 780413580
106330231 850965128
389205316 688362144
170028503 146179938
196331333 364568279
658912400 435020194
650107224 314082044
271809388 160831933
512540800 27749545
520899334 26082610
830535015 543792911
584346754 399788615
856690079 88006491
907548390 963856686
383666829 335661264
275035161 812442029
438054510 536458594
460541346 40446053
711560422 738684536
802404114 130824934
353325058 200628113
329560631 476079429
698841572 475407093
509731617 909484438
902328253 921579057
389163793 706735680
472864955 260074340
685163395 621128760
327763135 604073474
157713419 737908571
582569032 555866275
115562396 958112977
668992394 275396623
689360400 969003169
978132404 649852124
773135490 443599965
376694045 166402413
522445171 701069373
553511448 421791714
468276301 88440063
857365407 73270830
305980883 222536606
706154514 586379613
129843653 796434906
309993869 207434276
742084398 374531816
754757489 782114307
593128895 683440386
739423058 760193894
886216740 768450276
724215520 965714929
484844300 430079952
539860741 424906430
941022657 37399203
245690651 597246356
521591074 506871109
792069299 348292671
397527706 609089942
686531511 974023678
488129068 516341669
607935178 643390334
395328176 117250643
304329340 998859817
322209779 4328268
713974891 411194143
640416754 126842337
107326157 749392550
899998046 215667127
415229620 826279261
271922261 308763833
624270771 938031195
987567223 903475561
589020571 407396691
435261477 785649289
916625692 936409998
855721820 994760854
840099577 944326740
442102679 871077968
929563567 470533811
722541086 830123631
148817334 959015484
761884874 536056470
737549651 52197512
492706926 931448237
508832621 443480711
557106513 251479685
617445235 394202204
754157525 414312
673775304 730317465
831223236 505814836
475553004 170950347
702427245 129056982
285262523 259555926
133042959 992402598
869187020 13240513
230820057 320398142
226653114 749156582
150633872 166076650
769099845 994581177
734285999 702236440
616237011 910703821
401803700 348071547
994998503 259807092
848297896 254313951
635097017 21007220
970648680 727336663
680457329 821999138
345922541 750709617
803345227 364904112
758349274 785017112
426138538 142425254
408068039 63785589
176087292 961856310
335070634 413958829
814279594 457322937
481125204 479892485
348931998 62991239
530330404 36456967
590668896 152130258
184490063 398085313
173470894 754482854
560364590 240435576
743918026 909609008
350047905 641658153
729026182 571151726
938842289 463764320
115099101 23186202
649726044 964184247
821670249 709706616
330074538 750202753
245292514 650748037
477718586 40018839
343774854 607834020
912127481 823023138
728783390 570038162
817566013 763390721
578513310 157464894
815197817 912420125
644100108 788404372
293149441 618228860
718480275 360887727
884555288 18212239
490847096 185822581
229685778 364933935
623609651 934188411
889271823 623516554
118441160 16152422
479749996 37311704
781986381 972821903
798381304 881034658
365732889 278939415
803044683 354570125
255996196 351145540
397915943 861835281
154162103 784950995
966732952 941021193

