200
273537268 214482238
684333818 754625547
755439524 948265062
361838052 115665201
267746356 415872926
541808693 66790986
797192382 690205061
266121679 901874022
641892043 294019578
819209172 249944909
382607247 300968449
107897678 253882244
517780646 820832528
627543304 513296358
648814347 51874530
736908628 774312805
597422769 117884295
442073726 6536862
156305439 597866094
304804891 845363569
252433379 360508988
249329285 587802623
547467540 505342858
285552432 612945850
752769550 531484890
618400556 600358953
455752863 701422970
119445809 962079475
254372886 230377782
970767477 627877904
743408025 541556379
411269650 864424457
822914656 394347335
310937678 652725819
800111394 332026542
997973917 626218844
665740748 377090065
513009368 676850557
561618762 371681793
563773725 213250233
351986778 787180647
385551842 252569428
132679691 824671366
637557523 699268139
815476750 78972665
265999120 595331694
943435852 574488974
194684076 982406064
316671659 759875230
549113822 242255087
577741417 842511155
370622245 790684035
355047325 171445262
381523814 696397030
679568967 687233623
918995840 303292533
427263187 43895916
212898553 322868845
388185140 209152220
517225763 535840560
139298647 364994642
402213950 334410669
302499561 252561766
111550021 147032693
818329330 412834113
641039672 136892877
838101667 458150226
539483003 667126078
298263293 123351284
632406290 934653181
365149063 178943778
148096862 34665245
125838416 541879874
693536325 509914830
607665767 179648219
878258741 772079210
992289202 871197843
519226002 933424641
151653322 576178327
305500880 963135519
658660323 270178274
191970307 311424214
994745468 207923811
347167716 259516070
365665923 758304061
183900171 881595844
303304148 990471378
223528759 682027725
616390394 724479159
256280843 327500515
318671254 260087815
582386973 407202305
124489859 913253105
264332673 10707138
772378529 1931394
326777422 833914959
409646370 648462834
859285254 493445115
775322525 682361612
410839779 949125992
889714305 985274931
732794218 558902819
721188313 575692251
534719897 708493614
839334545 716376320
680835681 721240355
960749075 965403389
916492833 950780633
736926112 862577520
738427445 112015022
963546501 49748339
258719939 96357055
423046796 177293758
556850400 677524413
844872093 862226796
802132303 491283910
498165976 882888509
220414855 788113825
187873166 75508195
587100539 673846809
222758415 175138351
398341783 172374857
826345295 825514773
674616904 147451385
986976714 622744336
530658514 370159143
335357823 564304701
871065867 812420020
738092972 88571589
192840150 24135074
593062821 627068018
785894434 368555217
391921437 77462002
587028728 519792221
349199683 977534753
721027126 156519283
130110426 866294105
161293222 651355168
773448418 882061383
336497218 101023741
180885706 45315170
442098704 256144185
450764241 96033271
166144706 189734690
255281433 899104464
660521018 953474354
857198080 810227565
264361711 503795697
312620331 391377202
292115568 63004733
301455304 568681163
501765292 32159049
457031114 59154861
120060330 974925266
381063232 308731880
439326389 368420226
472377731 21393189
634610017 607344988
636142127 413517483
629448712 847910672
652324134 12124575
782095700 136699032
379890876 301155706
133450999 514238056
907023532 848581986
379297133 207648317
149972142 519133574
592054994 389624870
940593805 188768244
447945381 966299974
862831964 849360904
342161946 999712858
937581778 167988436
454353985 18954780
187626938 552006938
977843003 935414709
193067797 446146731
628893221 687779700
134414303 322551820
368166049 647895895
666300861 446763609
543800168 249265931
848745751 837262930
873376239 801347791
936059900 51100323
370495965 388413775
645757369 938048070
125134917 51140925
403090340 61793138
607812427 348420577
348867729 241683898
346384329 407306281
707134026 835835608
591151630 689122865
828603254 417912105
852294762 429622216
769925735 994780536
251318813 199600709
354299204 481550900
146639290 99911384

