4408
4505 4043
3002 5312
8956 8888
263 5069
5030 5703
9871 4113
4872 9557
3103 33
6396 8972
7391 9620
2924 2820
4830 2560
1638 878
3073 3702
3524 4361
3828 2523
676 7176
3316 360
8827 4640
7036 8245
4462 1211
4413 6417
2537 5921
4477 4000
4125 4029
736 5255
9736 5930
6800 7600
8065 8662
6950 3746
5052 738
8901 9282
3749 319
4274 9525
2845 7791
3603 4838
8635 1496
6426 9818
4860 576
3373 8145
8461 6884
8990 5214
7906 6440
6337 6078
4111 1470
4836 3716
1773 4595
5555 6954
6165 3051
3467 2966
4290 8674
2725 2484
2116 6707
4489 496
9079 5160
3069 57
4139 4342
6356 9904
4018 337
7257 9381
3295 6176
5946 7277
5004 3581
2646 5600
165 2360
5517 1482
2654 5139
6037 8727
6246 9770
7842 8539
5459 5466
6045 8446
4855 1998
359 7979
7153 4297
2873 1920
5940 4042
4892 1945
1839 8124
5474 298
7971 8289
9405 1665
4060 7792
5226 2343
6156 4556
5372 2107
3313 1435
1875 5774
3164 4015
8162 1990
3039 7059
9435 4444
8109 7845
8932 9650
516 8489
4936 4713
633 2592
8460 8534
2278 7242
7792 5585
1235 1229
3610 638
5780 2945
962 2084
7277 6384
2026 7505
5215 1400
2123 3360
5128 9818
4014 9085
1973 3570
891 1948
614 89
6467 3383
5673 547
3427 7024
616 5892
4803 4403
4352 6401
2691 1049
7923 9264
5036 9412
4930 497
8293 9393
8720 932
7071 3382
2859 3058
1713 9695
4677 5894
7129 6924
9484 5202
9294 9349
9442 266
3748 1469
4938 8080
3221 5931
5676 9495
9415 8851
4202 8213
7695 8463
2414 9335
1005 4755
5674 5904
906 6248
16 2911
6760 5476
6681 8441
3943 5470
829 9540
613 5348
568 6641
9860 2503
8311 4838
2858 6515
7060 7332
9459 3633
5255 6134
8228 3957
4989 4294
4200 1690
9133 2912
8550 8909
9336 5959
5800 7958
8825 7157
1999 8770
6435 8005
4993 119
3130 693
865 7681
9524 9491
30 1842
8035 6905
6196 2535
4816 7307
2320 9082
1032 9159
8094 468
5509 7998
6353 1599
4452 2668
2510 1083
2486 6008
4522 8117
7191 5762
4823 9264
796 1279
6761 6189
8353 7145
3320 1679
5479 7387
1297 6662
3000 3305
9203 6706
9371 9469
4740 4529
1611 5691
6485 4328
2222 803
2489 6177
161 4969
5625 6440
3680 3926
9534 8832
1026 1488
6801 9494
4822 9171
5224 9683
5070 9110
6349 4162
5477 9715
7225 4014
2323 5299
9818 7116
1518 1527
6736 2187
8716 637
8158 3956
2360 1930
7950 8612
2768 55
5401 1708
8082 3073
4290 3116
7926 1911
1913 4402
9593 5845
4797 9421
8642 2243
5541 8183
7239 4672
8953 3427
3465 9547
8645 4236
9255 5148
2837 4673
5627 7010
4407 1911
2443 309
6146 6102
1604 5646
5856 5561
6228 5550
6974 2605
4306 773
6863 3180
8647 8407
5768 5676
4051 193
1190 6129
1388 8011
133 4994
2965 3183
3138 9804
5362 5673
8139 7349
9922 6856
6103 296
8296 3551
6980 7066
8859 6145
7048 3915
2967 6617
4044 6412
8519 7874
4911 2168
852 1163
1885 2976
7053 8172
1324 1257
649 835
3962 2784
4938 7524
2528 450
4660 1123
5650 2334
1776 6627
4491 9442
3327 3480
8620 8779
643 3772
5382 117
576 1338
2298 9413
7084 4440
9742 2357
6341 3075
2321 9048
9545 3786
8403 270
1878 2089
9649 1604
1390 8972
1994 8747
183 4031
4127 4541
6523 5170
7235 2771
290 4218
7832 9597
8581 6542
1526 4698
7826 6751
6371 226
4945 2361
1770 3153
6601 4099
2024 9933
8849 1599
4875 6901
9982 239
9587 2640
9039 1483
2048 8150
3134 8476
9443 8157
4801 6789
8316 8372
8327 5791
737 401
3330 35
5336 1807
350 9894
9805 2534
5555 4342
99 9567
2362 564
8763 565
4036 1313
5369 1746
869 8164
1415 7626
1347 7923
379 7207
3334 9027
8138 7505
3273 9313
9012 3126
5257 8678
3650 2430
9221 2810
1067 3068
8656 5568
2024 1384
4265 9247
4870 8226
8733 8874
1289 9011
3749 1409
6105 825
9725 945
3059 8438
7928 8647
1198 5300
4842 9924
5618 8215
6455 6324
1649 4236
6418 9425
2211 9755
5892 2379
1509 6390
5986 7130
2813 2743
6936 7062
499 6552
7671 717
4593 8310
9870 8887
7325 1927
7936 2392
3105 7373
2551 1435
5457 1121
2037 1627
963 6512
3762 8267
848 8908
2737 3714
4790 1909
6455 6291
2158 3792
2475 5147
7690 273
6123 1854
4306 8811
1682 7265
1889 1331
2834 4540
6581 744
6739 5653
2781 2562
3906 8782
8689 8785
631 1837
5205 728
3716 2679
1294 8995
1666 8652
9376 6503
9390 1232
2720 6272
5384 3428
9001 846
5650 6199
3915 3388
6849 4563
3000 7598
2312 3521
7933 22
473 9342
6825 5873
7237 3926
7823 9575
9284 4059
5849 2851
7059 2506
6650 5325
9544 6278
4947 5447
204 3923
5617 5639
5329 8863
3234 3132
2762 946
7509 2180
7058 2571
9404 3969
2083 5869
3809 3286
5701 2913
6222 6577
722 5835
1929 367
2469 9752
719 2496
2447 3371
1420 8402
4534 1047
9179 9115
9436 7096
5028 2755
610 572
7802 7708
494 5466
1043 2523
5350 2963
3476 830
9028 4118
3705 8384
8086 7890
7178 1333
2734 2724
5462 2797
7527 8734
6728 1364
870 9344
2134 2365
3940 1848
7942 6775
5632 2795
8313 9193
6249 7614
2344 2430
153 91
3018 5963
9081 6585
3698 1460
479 3552
9021 5464
8036 3372
6827 6870
343 7802
8734 4848
2195 4372
7752 7166
1429 6955
8930 8022
5132 5308
4163 3645
4268 7020
693 6812
8458 6915
7594 562
4505 4990
1308 225
9561 5070
4081 6026
8573 3439
7560 4478
2477 9742
5032 4340
6748 6616
1199 468
1716 1824
3332 2575
8365 1979
7316 4339
8684 1030
2990 7387
3380 5197
2708 3513
4563 3068
7161 1123
8927 4192
4996 3796
9326 808
6460 4058
910 819
9793 3702
372 2143
8067 2098
9703 589
8863 4506
7300 2753
9338 2000
563 5648
8219 2624
3029 8131
3398 5734
5709 812
9865 4756
7042 2350
3367 1058
5463 2835
7595 3283
5626 8692
8165 9495
2992 1328
6645 6553
2250 9797
5472 9927
895 4258
4192 6738
8417 300
3867 2158
4406 2753
7909 4230
7335 6253
1048 8438
3729 8630
4625 8573
435 8385
904 1829
5870 2259
1247 9896
6426 9013
1995 206
3869 4736
1056 6095
7244 9497
6548 6867
9853 1032
5147 4498
6439 2079
4855 7929
9972 3674
9743 8578
362 4633
6798 6518
3697 8380
6059 937
9009 9102
473 3184
381 5734
1507 1641
6786 4005
45 3991
244 3572
9573 3509
7182 9119
2131 4521
5984 6836
6391 7081
1122 8212
6793 2377
2751 193
7620 6406
2834 1936
1597 5252
1779 73
6027 3455
2456 2685
7651 1946
2367 5472
5352 6129
2402 4061
6130 4408
2182 3682
9106 1603
7606 1051
1902 9857
4810 4968
5845 3595
9173 2202
8376 9622
126 1976
9554 5195
9264 6224
3678 1603
8056 5772
5247 6987
6035 7305
8958 1811
472 7141
2754 258
6094 187
9517 822
6492 9996
3936 6182
15 1729
7735 785
7340 8918
485 4242
1892 9812
3376 58
2658 6822
8487 8215
7687 9171
547 3909
5249 6344
3110 8254
6205 590
2323 2938
5271 6968
8593 5293
8276 9950
2409 2185
2024 3646
5121 3947
1524 5035
7512 2340
6768 362
4999 1616
5548 2160
3389 7226
4653 9631
1170 4102
1908 4872
170 2430
946 5898
6590 3591
9652 7610
764 7134
5268 551
5709 4054
883 2218
3473 1136
2357 6779
6517 2745
2867 9950
6659 5426
3744 2336
4341 9103
9476 9935
3401 790
5629 4587
3710 891
3866 8461
891 5944
4891 818
7103 170
8964 6120
5615 5921
6131 688
6728 4640
8716 3127
9307 1808
6934 2966
7891 7967
8626 2928
6746 5596
7923 470
2856 4163
9906 9957
3852 2184
52 6072
4725 4699
1539 5944
8270 3773
9778 224
8629 3095
5327 2162
1856 1761
5717 8892
61 8216
9140 5214
4994 5834
640 7945
9100 9520
4515 6168
138 5514
3368 7348
7448 6298
6795 7933
560 6487
1487 2649
411 3639
5554 104
2338 4439
7946 8533
53 6287
2055 2646
5285 1624
3179 4783
3723 9492
8990 8940
4460 9000
597 9655
8760 6090
9083 9445
1013 12
2010 1009
1866 5239
6404 736
7634 2980
8113 8023
2806 3608
2040 7094
4581 3968
6735 4832
4442 9496
4005 6019
4214 8894
5791 3565
7093 8477
5798 5420
9652 5255
1749 3308
8637 7163
8360 9453
6399 3595
9013 3434
6076 8150
1797 5379
3651 2148
1057 8393
9626 2861
4860 7596
7828 1764
7474 7513
228 8391
9390 4455
5316 468
6382 1966
4125 4508
3315 29
6735 2976
642 5125
8856 8016
6361 4860
7948 3305
3053 7412
9180 4906
4476 9497
336 28
606 8952
1130 4305
2489 3883
7955 4923
8096 9556
2892 4133
8776 4033
7279 1534
7648 8311
7792 3352
7775 8151
451 1186
1108 9202
4849 6633
7538 3122
6795 4675
4082 3695
5501 9618
7069 1049
7202 7636
4276 8527
1423 130
4248 699
3964 6976
2485 7137
9459 979
7654 1011
9852 6750
5166 1822
197 8791
1139 4315
6390 7774
4746 8069
5110 4703
1172 8186
5597 8196
6213 8859
771 5461
1035 6041
3915 9024
8633 7542
8122 7554
9663 5660
6259 4609
5953 45
2956 9012
9744 2883
995 5214
7461 3081
1967 8793
3216 9066
3069 8830
3759 3108
2489 2963
5746 9403
548 1465
4374 1642
6251 7750
8592 1481
4309 1796
5512 3645
7943 6547
7831 3244
7521 5731
81 3727
9973 635
3051 3849
2058 8799
8553 6025
2451 3047
2072 6801
6423 3237
9287 7234
6549 4821
179 5832
5428 5536
727 2811
5229 3647
1930 7035
4751 3059
806 8517
4568 9049
1800 6940
2749 5477
9838 1608
6714 9849
77 1123
3026 4511
1219 3199
8667 6790
3720 4512
3157 7678
1973 1205
7278 3781
1721 9544
4769 1976
4260 535
4267 303
8067 9030
3519 2532
3359 1027
754 2604
8095 6801
3286 1516
9421 9582
3247 7258
5740 4981
3033 7088
8902 8273
2425 6272
9041 8997
9404 928
503 609
9752 89
4312 1554
9023 7813
4407 3209
2840 185
2401 4347
9619 9718
4562 6270
8265 698
3743 8828
7742 8512
2734 8937
7663 7315
796 7362
8273 1312
9461 3925
8630 5532
4681 6855
4839 2708
8896 7597
1530 4949
5076 738
7943 5093
9007 9039
854 7546
996 4893
8922 4223
6535 4231
9885 23
9616 6437
9379 4297
4071 1124
3507 6722
9118 9823
5761 4814
4916 5259
5739 4106
8553 4879
7079 5365
1836 2621
3339 9968
4995 7221
329 1117
5166 3267
9547 471
1482 697
1201 3711
1452 3972
3769 7618
9883 7022
7755 7540
2349 1663
3414 2672
3392 4453
999 6770
4787 5378
6730 9001
3462 690
6273 4216
2307 135
5526 6505
5789 4343
7760 7390
262 1129
2008 6365
7355 7939
7934 2789
7539 4033
929 9072
54 4724
397 3185
7496 1887
4953 4248
4749 8518
9510 5803
6059 2971
9419 718
6725 8033
9457 5709
1544 8108
7190 7431
98 5147
8127 1684
3876 5994
8797 9740
9949 5040
5393 8107
7077 91
9457 2794
5346 1826
1764 7711
64 9156
3002 3938
5784 5164
8115 1675
4227 2989
8695 9520
3577 8484
197 5023
4274 361
5208 455
2703 1185
1078 7295
3505 6595
6592 4995
4902 3068
7870 2255
5841 4484
3142 6323
6373 8703
5117 7283
514 7518
757 6386
5338 9648
3793 1739
4809 4410
4280 8070
9264 7204
5209 7192
1447 2351
314 1071
256 8301
4500 2115
9361 3450
894 6680
2265 6048
1105 5651
3672 4473
480 4492
5870 4916
3015 558
7958 2325
7521 4204
4496 1676
8965 8294
3170 1066
9023 7448
2016 9183
550 8480
3246 4396
6055 1886
5844 914
8530 3224
8378 1901
667 5397
7549 3458
8713 6592
9119 9617
2643 8457
7023 5769
1526 2776
2764 4668
7691 9665
507 1560
7636 4578
316 4223
4889 7051
7948 1227
8799 2973
802 7835
3963 3356
5663 8445
7937 402
771 9170
2305 3926
9731 7526
2003 7368
8888 8457
2636 580
1505 5551
7785 2023
4078 5938
5494 4759
2894 9295
2364 7910
7709 1803
1256 559
7172 990
1053 375
6641 8128
2364 6925
6172 3042
7268 2888
7349 2203
9986 1048
5182 5621
9738 3178
4763 53
9138 4733
949 5876
257 2044
4554 3308
1517 8507
1405 5885
87 1347
249 1298
8880 4742
5912 7986
7610 1435
6628 220
3084 3082
2090 1538
2894 4617
1291 3861
2666 6070
6365 3298
4512 9455
2992 53
94 1043
7094 3305
6463 8295
705 2470
9338 1518
5477 9935
3312 9604
6611 5018
6404 5517
3611 4466
9863 9942
1751 2344
4757 7744
190 3898
2967 7669
8556 4974
8510 7523
8986 3474
7264 7152
1011 2057
6427 6107
2432 9212
596 5133
9962 5363
2383 502
9700 9005
7855 5746
3013 2784
4418 6199
4913 4211
8841 502
542 928
8025 3337
9032 975
8894 5823
1942 5444
4628 7827
6265 3570
4408 7236
1793 2185
7661 529
2346 6688
6496 3737
6338 4957
3230 7431
4865 354
6417 1667
3514 6158
3164 3943
8030 3304
6739 5152
6616 5316
3453 3364
3678 8012
3379 5241
8239 4890
2309 3421
7515 7564
8362 760
9424 7089
5202 5430
8628 3682
4231 8465
3203 5758
933 4096
303 5967
9467 2875
5406 7894
4972 6025
5150 4320
1886 6639
9324 2127
299 7857
3272 5199
5364 4244
1865 2288
8205 5461
3748 2937
7763 2568
1112 8763
2465 5960
703 2859
4068 8843
5214 2681
6644 1269
428 9011
3655 3908
3036 3526
9434 6007
4394 3558
4134 5113
9508 9386
3525 7499
9586 6768
8712 8758
7633 1653
5523 5230
8824 3547
2728 5402
678 1144
9744 2776
1892 4634
6283 1730
2343 8085
5361 1620
7528 1529
7323 4030
366 3694
9081 1922
4443 5268
9146 9571
1554 2347
3128 450
4692 9543
6119 7772
9283 87
7113 3198
4912 3267
2645 8663
4213 1316
26 4847
3984 9155
3520 5789
8643 9413
6103 1497
325 3742
7049 2375
2352 5419
1464 6354
6779 2623
285 4827
8363 1508
8611 6963
3711 7486
3245 6475
3780 720
9651 6194
3785 9816
4680 4692
7634 2424
3685 4107
9774 7519
4858 1792
8157 401
8162 9682
592 8951
5159 8266
1591 742
2247 8512
5695 7140
725 2431
3917 6578
9021 9294
3469 4732
2801 1017
9182 7593
8281 2048
4073 9642
2475 6043
5590 5273
3601 2077
9402 7167
5897 3868
2672 1487
6729 7891
3236 372
346 6677
8644 7002
6040 967
9877 6771
2239 5389
1862 7254
4039 249
6921 2449
2643 9015
9455 6451
3552 6411
27 7496
3620 7876
8022 3721
4741 8055
831 782
2613 5346
4430 2258
4028 1359
4728 4260
2048 9763
7640 148
4113 7071
2862 5176
7947 4207
3965 5663
6841 3188
2843 9735
6354 5910
2993 3230
9330 7036
3338 1886
3390 2815
2101 9179
8319 845
2965 5433
3482 4629
6795 1606
4103 8567
4676 2170
9146 6392
4456 3613
8036 4150
1867 738
6606 3226
2725 2339
7822 4653
6022 517
313 5908
9986 5621
2268 1746
6430 2446
906 2264
6681 2161
2372 5758
4032 5467
8849 29
3418 6155
9262 6364
6062 4380
762 6370
6981 4795
6334 8402
7423 3412
5156 7817
4349 7824
7622 54
2166 2483
3839 5302
9596 5609
5238 4816
5617 6601
6279 1911
1011 7778
6230 1993
3926 8281
8985 7241
436 5575
9250 2373
2698 8997
793 1433
3787 537
6666 5951
3991 2623
8248 7292
9350 742
3070 4417
241 5553
3460 3643
5531 4050
3287 5403
331 4847
7357 8094
1211 3383
5941 5959
553 9723
2437 5389
3444 4299
6830 36
1763 834
6440 9598
32 7752
7656 6492
2793 140
9197 9347
4170 1311
6278 4917
7110 998
7868 4182
2915 8376
1511 8775
1332 1620
7710 4740
587 6784
402 9102
5842 3160
9418 3847
7749 8961
7821 1993
5845 7871
4782 7913
6032 476
7320 7745
5079 884
6107 5305
7974 1834
3778 1018
9524 4352
5773 9308
35 3731
5342 8623
7552 1385
5109 987
299 7360
6051 7582
6713 2860
7165 5358
4147 2113
8879 5732
5816 5337
6548 9671
492 1655
6147 390
7821 9036
2092 8549
1691 2226
5952 4103
1759 5902
8381 2468
6199 3114
8185 5783
7320 6090
3418 9587
9059 5918
9084 6093
9810 6363
2641 774
7653 888
1242 4033
9910 3839
9252 9385
8818 459
6778 7929
8096 6953
1722 7338
845 9574
9819 7452
208 7632
639 5852
6875 2446
598 7759
6130 1925
1829 5308
2412 8891
9052 9991
5424 5585
8937 2710
2719 7754
7825 5518
5610 5186
6088 7054
6840 476
6998 9236
9226 2736
1508 7831
8680 9111
7738 2196
6084 4180
9970 2781
5786 193
7621 6976
1576 1669
867 2626
8062 6740
3271 2923
2988 3724
3314 2447
5486 2723
213 6778
5901 5271
8759 7812
6850 3628
5588 2962
5633 7610
7209 621
3431 4329
841 8022
3009 8218
4476 4989
6034 3428
4491 5887
5340 6237
1372 6066
4777 6399
5013 1003
7945 1146
3087 3472
3549 6936
4258 3195
8971 8501
2509 8205
3261 8915
8418 9825
3429 5344
9135 8007
5580 4975
6923 847
7996 6728
4637 5514
1718 9103
6711 3828
7423 186
1225 5858
426 8331
4706 7380
2838 9052
9205 85
7166 2549
6976 1450
9680 8634
4213 3558
2585 951
8972 2308
3279 7231
6826 5883
1647 3094
3405 2737
9743 1905
345 282
388 2562
3857 3965
7681 3888
2946 9421
466 5346
8458 7964
5967 3751
6404 2738
7489 8815
8639 9605
7337 9708
9440 8845
7389 1767
9105 8911
3417 4718
5928 367
9519 5015
1064 5568
1769 2038
9856 3291
2995 7374
9078 7829
8637 6992
8393 7554
9484 6577
7650 9089
6853 1620
2773 2232
7787 5940
3460 6492
946 7375
5163 4473
7579 9333
3941 3238
6995 5450
2386 7509
9402 3203
5950 9786
2607 8945
4019 4488
2557 1587
5690 9316
4911 387
375 4993
4570 7755
7996 6106
9329 4129
7732 844
8956 755
50 4828
1401 5129
2193 1455
8780 5618
8466 4215
2328 1797
9082 8606
2561 1083
1585 5537
2123 8704
4718 9858
8543 1725
5380 4062
2402 417
8878 6186
979 4103
933 8062
9010 4599
1270 9440
5740 8623
6285 8803
8747 409
821 1190
3590 6147
679 8461
6345 5872
1592 302
4461 7173
3768 9232
8017 1343
5898 6319
501 303
8565 9020
7315 1268
5800 1113
4637 2565
2038 5806
454 2586
5556 4934
1359 6224
2145 6524
3898 435
9773 7341
2485 6631
3408 9693
2477 3329
6130 6411
299 7691
845 3853
5876 2591
2998 7373
9662 1642
7199 7614
217 3809
7748 3606
2485 3432
3992 3327
3993 2721
5588 3675
8226 2759
3442 6234
4018 2561
8206 5230
6206 9470
1582 7700
8084 822
2694 2172
2748 3815
9592 1574
8700 8553
6840 8615
3715 7905
894 5882
2336 9439
6879 7419
5441 4437
1324 6466
9268 124
6320 9250
2932 1978
7290 197
844 4357
267 2244
4424 8243
7791 3164
9282 295
5996 8495
4297 9611
4463 6611
8803 5534
8532 9787
6196 4623
1336 4436
2433 7737
1113 8418
5319 4999
8094 4695
8709 4204
7085 3558
5433 8602
3019 4596
2858 4169
1166 9091
8038 8198
4007 5493
21 3318
9916 2217
4892 9267
5273 4293
9545 3644
6253 4248
7350 5253
7224 3276
9717 2616
3701 4164
8217 3088
9687 1569
4302 258
1796 7065
9461 3493
5634 2023
4230 6731
3356 3356
6115 5775
4163 8806
2058 9729
2819 4087
4501 3314
1632 1097
7727 9030
7503 4078
7819 5612
9456 3990
9750 2658
4419 7927
2348 4963
9861 1971
9824 9202
8370 6708
7868 1409
8514 659
2482 5051
8876 7815
2225 7492
6931 257
6589 5202
945 9552
7710 7594
2625 9791
2326 9384
298 6231
7564 5927
7991 7594
8066 3667
2539 7187
6934 5552
9298 543
9241 8286
9269 6407
8564 1009
5188 8650
9724 5587
975 9993
2987 7498
7721 2402
3247 9540
1068 7834
1456 6938
813 8889
2795 386
7075 9797
2973 2883
6901 6741
6833 4616
1749 4259
3485 9184
3549 345
9330 8081
2368 9020
6050 7102
9006 8190
55 4071
6425 7700
6010 4396
5123 9606
1884 7522
4871 4749
6262 6958
1021 695
9348 8299
3624 7717
7886 2465
3289 7903
9757 5362
46 5172
3771 6895
2770 8359
7631 605
7880 2355
6745 3914
2461 8704
4615 8580
4936 6994
5367 4534
804 6979
4761 9666
3985 2876
5578 821
8939 7956
6631 5319
2812 914
8844 5134
1344 1404
2679 5524
9865 5446
3607 7343
5285 6223
5465 4091
3249 9379
978 5294
4479 6166
6396 9371
4798 9480
8017 508
5483 3546
665 4912
1238 6661
6305 2755
7830 7698
1155 4794
17 7134
1015 9162
7815 221
1312 5765
8378 7406
1950 7119
418 68
9064 8556
3254 9254
9594 2799
116 3209
6926 4933
8452 1556
543 104
5000 5294
1411 8364
6655 2670
7254 9594
8701 1552
2779 6700
7128 2717
4406 8932
1819 6938
1635 2032
6758 755
6474 4438
5166 4521
1392 1359
173 2642
6871 3681
339 4321
4550 8074
8095 1649
681 6530
126 1159
3842 3379
7174 1605
2894 3494
3809 6706
166 7307
8484 2404
3378 6156
3115 9700
632 8258
3375 6432
8103 1964
8168 7431
3659 5499
9112 9473
2481 7506
6877 32
5210 2367
9451 3226
6024 4416
4037 8117
9205 8576
162 6660
1946 2520
1933 7656
4234 6734
6435 6499
2313 4872
2753 3268
9677 6577
7740 9874
9718 9588
2428 3151
8061 3445
7052 5809
2949 7805
8406 8570
2597 7702
4532 1872
8585 6374
5711 5982
7679 8717
5868 1340
4289 5493
3954 1947
7511 7597
4040 8763
4268 5199
582 3737
5736 1899
7207 7355
766 6786
1749 4699
378 8911
5719 671
4587 384
3905 5909
1228 5125
2761 4806
7806 1536
6160 4617
6584 2325
5688 1236
4326 923
3121 361
4780 2294
1458 155
1141 9478
2697 9769
7313 9364
9016 9695
1979 4297
381 9720
8339 6973
4762 3938
6281 3778
2883 5894
4863 1282
8240 1498
4439 9136
976 8103
8372 5614
5874 4161
5567 2851
3376 6420
5123 605
668 653
9502 8173
7324 8655
7619 1512
5021 4850
4182 3837
4077 1251
6557 1559
1219 6711
2888 6941
2299 2121
2320 5733
1230 1564
812 9375
8030 4829
4256 1168
8991 4416
3092 559
7293 4419
9361 3251
756 4407
3327 1077
6490 8376
3229 1034
97 159
3275 7863
496 2125
6131 2155
1453 8779
7662 5310
612 6258
7307 2315
485 7975
1121 7100
9805 3140
2438 156
9896 1307
3653 1844
6949 4272
4516 6930
3426 3467
5812 2690
8528 2224
7973 7961
1650 6638
8186 590
697 7222
6891 1923
203 8803
8596 5081
5890 2384
2622 7651
2052 464
7692 2008
7875 5371
2807 3462
889 249
2597 4658
9244 2309
2511 3802
3890 7365
9588 8831
8330 1324
3996 1643
5042 5147
7830 483
5145 5625
9400 9553
8031 8961
2593 573
7264 796
7797 1462
9170 6474
3648 7498
4590 7965
1156 8074
496 1507
8575 8557
6145 5620
3157 2876
6675 4231
3114 4492
7991 2331
3281 7002
7120 3623
9625 2396
1633 8020
3359 2270
1842 4931
1999 7832
232 38
7735 9720
4655 5670
7945 8088
6421 4903
6174 110
2178 65
7036 2889
3774 7391
6984 2648
6779 7778
8431 8810
6924 9693
457 3851
3828 276
133 9100
7303 6504
5568 7976
3222 5269
9654 7097
451 5663
6000 5432
4321 9449
589 4311
5663 4310
22 5172
4773 3013
830 9425
3592 7355
7807 6585
2372 6231
4317 3435
3586 4643
4638 8523
7498 4524
3826 5724
4378 3022
153 7523
4224 9993
3433 7716
836 1343
9563 1600
7468 5950
6261 1131
7542 8479
7777 8327
3564 3787
533 8471
1893 1978
5021 6622
4251 2825
2719 1859
1241 6973
5483 7766
2945 1817
882 8716
9211 8579
3196 7977
3317 3483
7237 4181
9482 748
7246 4157
2651 8789
4165 2461
2174 961
5841 3147
3171 4830
5287 207
1 9830
6052 8342
4491 9530
2293 3544
5864 5497
2986 1944
3381 7566
8976 2828
6931 6309
4483 7533
9866 4576
1931 9819
2137 2706
5997 1440
3223 9702
8193 7432
9413 485
7135 6608
1999 4738
934 7677
5262 3295
7555 1105
3848 6143
4889 1479
7515 364
3879 6307
6012 6017
1132 5643
5480 4391
5913 2435
5481 4721
6695 2987
3567 8455
4269 9790
4227 4685
3270 8993
9033 9250
2907 9716
1842 5023
2455 495
1945 8279
6538 43
3508 3243
8276 7246
7731 3873
3401 8499
8496 2218
7818 9690
7825 9122
9438 1376
5986 2060
2327 3105
9397 2465
8700 8707
279 802
2426 6630
5077 8262
5906 302
1980 3010
357 80
1689 4061
518 286
1331 9255
6696 3262
4283 3058
8712 8056
1109 7486
4145 1774
6694 7394
5949 4141
3563 2670
7038 9425
4955 141
8092 9648
3415 5742
9798 5407
2607 2410
2223 1646
5725 3359
8850 2151
8524 466
4904 2627
9750 9979
8683 5376
1877 3152
8258 2819
2862 8018
2314 9371
1009 1845
6338 3363
1570 6805
8684 3297
7600 7718
353 7141
361 6830
5077 5170
6989 1098
5831 6033
6821 5771
657 2577
477 6787
9731 7115
1261 8226
9164 4700
3926 5852
2635 6294
3931 2831
9058 6926
3509 5313
3174 7956
3306 818
512 1046
6528 3601
3891 682
6167 7847
1044 987
758 7060
1818 7217
3749 2030
8961 670
8035 5427
7330 1282
7850 816
9871 5280
6781 7466
131 70
9588 4996
9315 8580
1653 4159
1140 2888
4320 795
7115 6621
2322 5528
9851 6440
4435 5305
7630 735
7999 7778
5347 2287
4538 8201
1840 2401
5145 5084
7406 7969
3794 3976
548 9600
5364 3761
2257 9916
2227 3992
5759 5604
1625 5890
3797 7795
6975 7517
2876 6667
6775 4891
2052 3514
8972 9967
7714 7037
3296 6365
5549 8338
4599 4535
3573 8264
1565 8715
4989 4884
6357 5673
5444 9881
1545 2103
8031 1239
262 3091
9842 4499
6465 4510
9475 941
3124 976
7942 1258
7370 3212
7207 3882
3243 1387
1117 2458
6956 1131
8236 2937
7319 9153
147 6188
6786 7015
9618 471
9458 9966
6650 613
8468 2196
7811 500
5922 8609
2567 8806
3417 736
7254 1984
1033 1761
2131 2169
5110 1535
4676 4910
3489 4791
5136 7182
9790 570
969 9536
8657 9261
6638 293
7720 2845
2015 7775
483 6996
6589 7159
2260 3474
7347 7762
3663 5343
5392 4048
2703 3193
1688 7542
5134 1747
1969 7158
5849 4388
6089 6780
3763 9137
1064 2983
8963 6900
4139 1169
4168 8490
393 4501
3512 278
1700 5875
7659 7370
1389 1245
4758 8398
6485 7029
6216 3969
6857 7101
5202 7959
3564 2662
6205 8573
4675 7034
2126 8486
2518 6733
9984 6287
6682 8266
6444 1963
2732 2304
9156 3065
3145 3950
6408 6512
3551 8596
4335 8165
1918 3708
2735 648
9899 6516
3723 4257
9861 1146
73 2289
2510 6073
5483 7636
6998 4067
167 3206
3808 3517
4144 2799
9371 6976
6625 1
5932 8317
2570 6794
5753 478
8353 9547
5550 2388
5481 9075
3737 6925
1087 1142
1467 751
6954 7244
4007 7850
755 5460
1894 8652
173 6770
681 9119
8318 8068
4415 79
2871 3709
8652 7721
8575 6303
8825 2468
4793 7573
6934 5385
1139 5053
7066 8656
3463 3902
9383 6464
3913 3279
3714 3729
2615 4806
1536 7084
8607 7851
1674 9745
9948 4684
7640 9700
3337 2984
2694 8816
8421 815
7134 6186
7329 1480
9872 7925
2000 1034
3402 3164
2297 1764
9316 4983
6892 9065
6580 8144
947 5912
6606 3471
3961 8640
4068 7806
2003 4909
8674 4553
4930 3625
4061 1407
5531 4014
771 9751
4505 8319
2068 6936
3741 4201
1971 1421
29 105
6511 9919
8141 4143
2124 7948
6488 4354
4811 574
662 6193
7097 5314
4457 5263
2069 122
7876 7071
1154 5953
6387 1956
7624 7744
9808 7260
7241 1776
7025 6730
1820 7547
7108 5270
7184 2962
9801 5660
5276 9341
8883 8649
2535 6279
7475 4868
3072 9802
5249 24
3741 7582
8388 3699
6080 5565
4352 6906
4609 2728
3238 2767
9518 5353
3401 2647
1381 1675
8137 2453
272 1868
9152 4498
5733 1460
2290 8588
1355 8071
1153 7562
128 2135
8077 7700
1145 106
2526 22
782 8002
9546 1579
3742 3340
9414 6303
6047 3823
2502 1450
2004 1823
5299 3506
9032 7493
104 2805
147 5238
9055 8419
8057 6508
5018 9433
3958 4425
7570 8526
7035 1450
1298 9891
368 4874
2284 5038
9738 9466
1646 6066
7171 5906
4781 4392
2570 555
1988 5201
8379 9551
856 9533
2277 5415
6264 7506
7459 1010
6013 5584
3074 3619
7131 2059
4806 7149
2389 7970
242 5532
1354 6819
6593 4080
4800 1723
6814 4125
7399 5340
6393 1059
1142 8210
2555 1695
2738 2446
2265 3376
41 5987
6937 2955
4464 7828
4454 6541
4397 8724
5091 8256
7777 1713
9783 377
8396 3989
601 7616
5861 3970
3916 2367
4708 4350
8385 158
603 6101
5659 4819
2232 282
2160 619
5060 5382
5023 627
9 2271
5149 8788
5036 9465
6499 4502
4476 2836
7677 3628
4762 3584
6872 9576
9146 7628
939 8456
7176 4354
9137 401
7310 6447
3061 6977
3443 5746
9056 4380
108 9087
3968 5729
9048 668
6226 2471
2381 2730
2156 5815
4892 212
7355 3153
3893 3517
9219 3722
3227 4377
5293 709
3424 4606
378 9378
405 480
9114 9676
3091 5800
3860 3727
4768 9036
9062 9986
6022 1766
7907 3337
9958 8
1643 5408
3102 8130
3043 4250
7246 6074
7271 8388
2860 2522
7516 8496
3311 4203
2344 7822
3106 3080
2811 2632
7396 5586
9690 3943
4685 1
7406 9177
50 1226
4279 8128
5281 492
659 8794
2895 188
8545 6370
782 3238
3643 1424
8888 7744
6722 9067
9777 1245
7159 8291
7865 7652
235 6980
9757 2594
3105 3439
4252 7808
4004 549
7657 9745
7558 2122
3539 9162
4451 7627
4321 9419
5245 6901
7954 3321
185 9985
1706 9771
9146 9987
7897 9003
6827 1269
4382 2810
3532 280
2538 3762
7171 6788
5377 7667
5173 3467
9130 7910
1274 336
7060 2592
5384 8425
9532 5215
5818 4518
5199 6775
4187 1133
1879 5887
4864 1961
8045 7891
249 2926
2295 5235
9849 7773
6972 3577
7858 8453
7846 6043
9881 5608
1147 8130
1725 3911
4449 1974
2450 6597
7192 5399
4741 4803
5770 5687
5156 7204
4726 9717
6363 1925
5199 180
805 1127
6298 3877
4688 4364
889 7523
4477 9963
403 1557
8584 4461
9689 4317
8365 5037
4976 3499
2276 1928
5450 1233
2832 3702
650 8815
7795 3541
2653 4376
8846 6911
6043 6507
3569 1018
3944 9530
4167 3461
1382 1487
7542 7066
10000 8720
6082 3514
675 4148
548 3307
3407 7047
8184 6678
2942 583
9879 8290
3181 6065
2006 6523
6811 7612
6364 2445
1517 4397
7176 8861
9288 938
5713 8391
8607 3237
6097 544
2001 596
3760 1812
6174 358
8115 3888
8561 7159
5014 7190
8433 7591
4733 743
9242 7475
6893 6740
4248 2922
4201 6699
7667 8418
7166 6813
4559 6619
2383 10000
2694 8069
4977 1522
2790 5277
7942 4707
8624 1445
3463 3674
8800 511
7370 6500
1019 3210
3438 353
1584 1062
239 5083
9883 9462
696 2620
7560 9260
1862 656
9047 8758
9583 5514
2145 3786
2362 6339
267 9953
8382 4126
6793 8222
3338 1617
4707 9250
1785 6252
4218 7462
3257 6123
1391 8754
8889 9133
147 9661
9119 697
5897 4064
3958 7633
1282 6931
6579 6302
3373 4424
3990 2253
3239 930
5484 7911
2524 753
1547 334
1330 7199
817 7585
8616 5323
5278 1568
7569 6352
205 8098
4275 7041
6759 4122
120 4563
599 1654
5491 3367
5108 8495
8594 555
706 224
2019 7484
39 6796
1194 2348
2853 3201
3334 5657
2919 3585
7409 4873
8490 7606
3707 3052
2692 7783
4295 6466
1831 7929
6578 798
9461 6698
4864 354
9301 1607
3092 6153
399 7858
8459 5053
1766 416
5982 4606
6121 2109
7757 2346
3967 6355
1525 5643
5604 9048
6733 8743
7268 4753
2695 7166
4118 4137
4925 8002
5391 3207
2706 499
8732 793
6233 7570
4014 7940
2258 2033
4815 8834
5326 6595
4601 4632
7719 6527
4512 2016
6721 4953
3048 1086
4154 1190
1993 3922
6000 7947
1252 4184
81 2812
7085 3335
2851 4811
5979 5453
9679 5019
4911 7500
518 1323
8448 6593
2179 9400
7430 9178
2975 2515
2157 265
5134 6770
5900 1176
786 6963
1782 8016
6166 5502
603 171
165 3405
7331 3263
1608 6472
1206 5948
3624 5506
427 6854
3601 315
8520 6730
3009 4005
4041 3738
6269 6095
4612 2880
6683 8316
4925 4617
706 5889
1458 6237
2835 3571
7010 3706
6479 3366
8392 4193
1239 3803
6911 6994
1500 2315
2724 3662
3547 7824
6861 5858
6225 2142
8080 8128
5331 3242
3051 7528
3426 9998
8657 8848
7407 7483
4511 5545
5773 4372
772 356
2677 6407
8369 4906
7509 8726
4938 7956
2768 3734
2433 93
7052 7516
1197 4278
8089 1591
7485 1236
629 7771
5277 9789
8333 1892
8626 9545
434 3743
5853 9943
1567 568
7095 4581
6917 6140
4337 8244
2057 4665
1585 3588
6515 989
9123 9487
6730 9849
4750 7945
7080 3778
4724 7542
6272 5763
2361 3264
7545 6033
5126 5296
9489 464
1396 6624
3661 7854
1076 4338
9564 935
760 4163
7408 6149
6905 6838
9380 9016
4901 5163
1615 8634
2208 9626
4135 6705
2098 6154
3701 206
1142 1242
4776 9678
2506 4994
9150 4011
6404 8069
1122 3284
606 9723
1418 4833
3120 2679
5723 6309
9280 8433
2260 1111
498 2311
6670 7868
8914 7180
5614 2637
751 7350
6547 3106
3347 2269
4394 7420
6560 2216
6462 724
7540 2766
6775 1044
6814 6300
9014 3892
3021 1366
3957 8642
8977 5705
1967 9973
9348 9372
9085 8925
311 7772
5790 3912
8086 2445
5702 5646
3406 5660
2803 8826
3602 5748
8637 809
7406 9164
5229 2503
569 3651
2879 6554
237 5926
2447 8487
3481 7064
9639 6342
505 1028
9922 4966
3693 8586
9194 6401
1390 9873
9704 721
1363 2771
9756 2729
8105 3906
5792 9698
2498 1974
6941 8148
2782 2894
928 101
5340 3282
9419 2870
9132 8478
2209 6870
3151 6230
4949 219
749 2709
5532 7675
1765 3355
9057 4242
3051 7265
6785 789
3972 7808
5881 3152
5489 7587
1346 1970
8241 5983
7980 6682
8849 9622
2574 7790
1362 8398
7729 9544
6722 6314
8225 586
2328 7341
1812 3411
9937 8470
4864 7072
7757 2658
5697 5245
3685 1598
4490 3856
4029 7710
9383 3879
8723 2399
7834 9416
3971 4804
9644 3050
7201 7777
399 818
2803 3630
9819 9411
8701 2038
5600 8856
4358 8689
735 7644
8849 6060
9848 9938
4373 6270
9611 6529
9561 1212
5296 9258
2497 3169
7060 9051
9052 1532
9557 3057
3629 7474
465 7972
8019 2856
4665 5090
3538 4455
9632 5437
5732 1584
5364 8481
758 4828
2806 8605
8993 1729
607 2314
7906 5442
9341 9120
8708 9681
6318 6156
2159 1195
2629 8502
5115 3938
7818 8969
2550 2872
6128 7984
7928 7755
2238 4058
6530 7757
6659 5699
586 2932
5386 6341
6665 8986
4533 3800
3234 8369
4371 4806
1066 4531
7231 8542
5236 1883
6480 2481
9012 3559
40 4384
3122 6014
4613 5211
9214 6612
7133 4903
9381 7806
8930 3312
5791 873
9178 5553
3944 204
5007 455
3041 1929
7903 933
3795 9522
9539 2294
9515 9369
5769 7364
5413 6295
4192 572
5338 9394
9521 6415
9781 2368
6702 801
8843 1990
8167 7400
5620 4951
8169 6319
200 292
762 9352
1610 1831
1808 6333
2138 2132
7542 730
5197 962
7915 4515
8817 6607
6413 9254
822 8133
7791 6892
3239 3339
2692 1629
1971 5014
6178 8711
8740 9208
8724 2325
2168 7517
7827 8776
8710 943
7600 5709
5224 4
5578 5196
6919 3073
4599 7916
8301 6732
4246 7613
7088 7755
9600 9899
5343 4866
4514 133
5486 67
7486 9585
7576 2579
9663 2005
1798 6965
6225 8401
8731 4063
513 1701
7092 800
9117 111
7246 461
1808 1855
1559 6133
1139 1149
1509 328
3 8492
580 9435
8867 641
8179 5505
7127 8712
2298 1018
6361 7632
1833 6037
5021 6633
6996 4294
4494 8593
4565 9085
7091 5364
4440 2509
4801 5101
552 7015
2972 1936
6861 7243
9353 8435
4674 3522
4733 8945
3883 4878
4191 482
5380 9260
5231 6993
8771 1778
6933 5832
9382 5252
511 8979
734 7523
5815 5484
1920 7346
6039 1840
1079 3247
6438 7560
1410 2131
7040 4339
5116 9634
9243 6161
5532 3219
4014 6614
4407 6304
7293 9605
6144 3971
3789 3779
5175 2866
6263 8427
7718 7571
3375 853
4307 8170
3959 9151
4445 2248
4880 4197
8407 7509
4960 1176
5043 958
3936 2277
7628 116
9486 5978
5470 9955
9585 7762
6648 8925
2960 1297
8760 4535
1251 5060
8249 985
5760 8536
4573 473
1271 5706
2048 9548
7934 2640
6010 5300
1444 4683
5723 4493
2122 5641
6743 4585
4273 1217
3041 446
8455 2064
4496 410
1997 8260
6073 2608
7328 7383
6430 8529
457 557
9979 7541
142 348
3744 9116
188 7190
8022 9790
8316 1398
9934 8265
1700 8930
8939 4085
3899 5894
3893 6831
5434 2192
7706 4723
5797 2678
6860 8143
1496 7143
4029 4796
3956 818
6293 6433
820 1187
6681 2573
6645 6333
5582 4724
7142 139
2330 4295
8150 6257
4341 5957
9096 2972
693 6281
2082 6073
448 1563
9285 576
2644 6417
7577 1501
1844 2143
4639 7001
9184 6387
2967 9999
6902 4468
9926 9905
9814 1042
1460 2100
2969 5879
2638 5043
1916 8197
6356 8344
6855 9953
8304 7191
6292 8799
7139 6065
3647 9366
1477 4374
4175 6058
4554 8380
4583 6613
6402 199
9344 4179
6734 2430
60 4322
6529 1138
2411 4485
9534 8103
2659 8133
7492 1877
8363 7877
7682 4063
8508 8215
6109 3740
362 9967
312 8746
1075 2462
3126 1341
9682 7582
1674 8858
380 1900
9919 2496
3170 4246
8861 4090
2945 3788
2496 2931
4938 9941
8873 9397
3162 5510
1558 8557
3598 36
6048 3276
3353 2762
8801 4512
5926 3223
2688 7625
5395 7768
2104 7498
7373 4153
5945 7569
3018 4926
2798 2984
1915 69
5588 9227
76 1167
827 9428
6390 199
1370 4073
1144 6759
8556 5858
2979 1798
8424 3576
6864 1434
7960 6602
7621 1448
6213 2297
9627 4326
3498 4381
6852 9411
9898 60
9078 6778
8370 2450
3169 6077
8973 2399
1527 4640
6251 6298
9929 3463
8765 8147
7436 7793
4146 5701
5170 908
5240 8834
2334 9910
107 5948
9353 8759
148 1199
389 3392
7656 6653
6683 5306
9217 1460
1643 4716
6429 8964
5126 4312
3342 8699
5856 604
3671 3628
6388 2610
3428 8117
318 788
3021 9958
5271 7366
8537 5742
1862 9170
2537 4938
3278 9048
1809 4896
9044 8101
523 2634
9156 5926
243 3795
7722 6435
9633 477
1095 7793
1393 1429
8570 8320
104 2175
6842 3459
2591 9736
7841 107
3594 9495
9207 4401
3003 4081
2093 158
9419 2421
7578 6792
7970 2470
6833 5218
6695 61
4862 5835
3665 7076
8773 2761
6701 8590
2314 7882
4104 7683
7897 6058
2688 8910
9517 1517
1460 2598
7401 825
74 6783
5855 3880
1030 8022
3940 8012
6842 6623
7607 250
8877 5097
5429 7611
5753 6610
2612 9738
713 1345
1735 6955
4911 9566
4000 7232
8381 9129
3648 7962
7919 3518
6448 9378
6108 841
8868 7939
9176 4416
8183 2229
8612 9351
9142 1761
8752 3906
9140 3242
7533 2233
2237 8129
2898 3136
9921 5966
4355 9660
4005 8867
9348 9130
9252 7939
9808 6822
3900 1355
1587 2970
840 8168
428 8324
4053 8484
2478 4707
8645 9419
8932 9896
7875 9419
6648 8857
562 2619
8719 1708
8597 4917
4484 3319
7188 7272
7555 4773
3308 1412
3481 6970
3598 317
7870 1644
1444 422
4457 7221
927 6874
9175 723
768 6301
4630 6266
296 5249
1392 8783
3727 8932
159 8554
6232 9477
6049 9838
4404 9035
3560 5298
2271 7507
382 6832
8500 2852
947 2763
5637 6203
7110 8975
6773 5914
7596 4761
180 5946
8334 7237
3257 8055
6570 5070
2043 4467
1224 5002
5991 6009
7445 7180
8913 5031
81 6668
3014 3129
6517 1206
334 9545
4906 4630
755 6988
1712 4729
5571 5598
1887 1601
6198 6354
9833 4702
6768 2659
236 3926
8474 2620
9354 3206
2308 7849
231 8491
4667 7108
7890 7885
5492 7602
9907 3660
1999 5564
192 3685
9669 8650
1523 5517
489 8014
6344 8916
763 9066
3293 535
1881 8555
3269 4846
9855 7380
5064 9818
901 6655
8231 6037
7514 5842
5616 8047
9772 6873
65 2735
9457 3260
2479 6176
2338 4755
6355 4076
193 9939
9852 7451
8327 9570
2809 4120
7085 9918
3293 5741
9869 6425
285 4761
2988 178
8731 9921
6450 3221
6159 684
8513 6708
2656 9193
1903 3812
7047 8620
5773 5236
7943 1330
6996 9850
3508 5090
1572 733
5953 1016
6724 3564
2598 1729
3791 4716
8288 2212
6420 6598
1310 2778
1849 3472
8202 6672
8628 6811
9300 2118
4244 8020
1514 5270
1872 9556
275 8347
9813 8665
1075 4983
7171 5258
6485 9083
9486 1765
7712 5613
346 7993
6306 8745
1325 5298
9375 8581
8152 4053
8922 7845
5231 1640
9210 8073
6244 6026
5682 6032
7873 343
2725 2627
6683 9091
3507 2313
8564 1648
5527 1869
3192 8679
298 8746
5324 7537
9353 6645
6760 5100
7268 5883
7043 4650
5188 9469
6784 4027
3601 1637
1478 8240
1629 6032
9368 6847
9784 4579
3290 1373
3790 2443
6897 3379
6102 4824
2102 9614
2973 3813
2278 6289
1206 303
6866 8733
9175 1570
707 6973
1570 3566
728 434
5042 683
2917 7715
2819 1093
5217 3047
1450 6739
9632 2726
2788 2633
5832 8569
1088 3315
9878 195
7717 4402
8138 4854
3619 5968
6949 4327
327 9089
6316 5147
4206 3504
5051 9684
3464 2270
6449 4506
1685 8614
9791 9258
6692 7639
6525 5487
8170 5495
3224 6364
6536 9221
5647 3849
2782 1189
4237 9587
6004 4732
6601 7629
7445 4550
5597 8595
5232 5102
8819 6723
5253 7497
9945 4793
3313 464
6726 8028
3963 8074
5952 8378
4217 9188
9580 5974
1122 2448
8666 4670
5590 6156
8939 8360
2806 7976
9282 4638
357 8150
6516 1192
4123 2942
1969 8098
8171 4806
3697 3503
130 7338
9210 763
7711 8360
8368 5743
6003 2769
9802 3586
4383 8285
7079 8464
8961 593
6724 6508
3616 2657
3979 1868
4093 7132
5676 7942
4380 2417
4366 3995
6373 9860
3838 8737
3255 8283
449 4864
3613 9513
3836 4701
1824 7505
8333 5367
2371 6539
1132 9699
6751 5448
1548 4425
198 5595
7202 9631
8009 1546
4460 5856
4881 6181
3846 7215
3050 7503
5596 7935
2670 1473
3916 3856
4565 4791
8655 1440
2176 510
5235 5579
6355 3528
1776 2387
1824 4396
4534 9681
2234 8
4976 7561
6627 2908
8025 4239
4135 4084
6482 8520
8209 8275
8347 7035
1784 7699
7666 7530
8828 9371
8176 1680
7137 3914
3247 329
3098 3831
8162 8697
8691 7879
1705 6110
2432 6423
5867 1764
1869 9206
8494 8762
6096 343
983 2157
8953 8800
6920 934
1665 8945
9260 2358
6968 8735
2858 2614
8418 8375
3217 4663
7561 2649
2678 3485
4009 4530
293 1968
2957 2267
863 24
4106 8038
2845 590
8344 6757
3279 3802
6071 1405
1965 7715
5078 8906
6657 3465
7255 1769
6874 4695
8146 6575
4253 100
6620 7208
4293 5673
4343 6705
415 482
2341 5140
5801 2326
2110 6634
7084 3407
2351 810
1936 7202
3276 5222
5504 9616
5426 491
6271 5948
1749 2189
9181 4429
4981 7254
7676 9698
5497 8274
8475 7714
1381 2548
8964 5727
354 7679
9454 9643
4249 7379
8288 9230
1363 6121
6645 6011
5006 4156
700 4062
683 6072
8005 9133
4058 9966
6900 8473
7690 9303
5634 986
8188 6369
1021 5336
6460 2298
7714 332
4098 5910
8669 8703
7659 1491
7132 1291
1945 7306
2012 6501
920 5891
5367 4594
2452 9715
5581 3959
9843 2762
3618 6354
8439 615
8581 9298
4743 9834
9635 3472
118 3163
6588 3168
3172 194
6718 9315
9421 2215
8076 9295
2609 3868
4274 4611
1706 7931
9338 3630
9680 3544
2022 2129
9921 5155
5532 1611
3208 7744
811 5197
2982 8554
727 9977
9840 6255
6494 2529
1525 7465
6062 8551
6165 3809
1029 3223
5783 5408
9405 3963
9163 9518
9201 9575
8621 5843
3080 5178
701 8432
6298 5955
8335 2088
962 2433
9725 851
637 8735
9459 2342
181 2105
4249 5229
3924 9095
1287 4728
5491 7267
847 4478
1573 6680
1748 4555
9466 6397
1752 4956
7669 8408
8971 6603
9505 4104
6479 2355
5678 4210
1036 7972
1149 9599
5900 8980
6083 509
8568 6238
1830 5028
5250 7272
7556 9987
4916 2603
8575 3629
2973 3562
1719 8224
250 5046
1487 8697
2334 8797
1874 2042
1662 2139
6346 7803
2930 1280
4054 1671
292 6089
1705 8780
7945 7339
5177 2082
7538 6161
6224 6552
4291 6742
2340 147
7496 7538
4034 1795
408 3805
1336 4854
7744 4196
9767 7521
7665 9033
1921 5575
9636 6652
7977 4396
7583 9845
9785 1107
8236 3690
8362 7358
8806 1475
9163 7583
5974 2295
3680 9890
5052 7100
2305 4805
5198 8589
9189 4390
7905 4854
9611 1148
7398 6600
9388 3425
3169 8618
920 2655
3696 2036
4443 4012
5267 6827
3230 5858
305 3643
7200 139
3261 1950
3098 4920
7544 5409
795 5074
4585 6562
8317 6422
2943 6250
2752 2035
161 6161
3769 8877
7547 1676
3151 3796
6792 8022
4834 9480
5245 4354
7374 2120
9112 7933
7475 2707
4903 9875
2628 1569
5519 208
2861 597
9400 7822
8021 3936
5373 1944
8848 4102
6021 8116
1889 3901
1209 9619
4054 5918
174 2544
9032 9059
2131 4411
8962 6196
1604 6121
9860 9435
1085 9475
7484 9437
1106 5285
1631 1190
3380 5652
754 9517
6000 7704
8144 2138
781 8019
4894 159
2890 649
4419 5999
3357 547
7449 1851
6359 6023
8128 1697
6857 8191
4532 4664
4242 961
1720 3639
7604 1725
6894 4101
7599 5259
9131 9037
5938 8758
2210 9874
7173 4781
2537 9106
1027 6310
2206 4928
6414 8803
592 8281
3686 7797
4063 9261
7048 4681
834 5470
9022 4784
2327 1417
3369 2767
1237 5005
5542 6515
7693 4378
6190 6874
241 3742
5208 7768
9283 6700
4358 3579
1524 6990
7272 9745
9601 9273
8905 2848
6402 3921
6646 2981
5714 9137
8303 9410
6105 7391
4840 995
8386 4186
8912 8101
863 1136
1277 7922
7014 8211
9958 9171
3901 304
8452 7565
5308 8490
1079 2518
6781 7733
5526 5661
4621 1261
545 6606
8832 2437
6572 652
1890 3537
4692 8791
1899 367
7793 4421
7152 3321
6528 5781
3316 8675
5969 8485
3930 2002
5327 9847
2091 9974
4366 2761
7297 9441
66 4734
7463 5295
2242 4608
2276 8906
1904 677
536 9449
2532 9546
6858 8236
8225 6729
6928 5561
127 5306
6345 9012
5524 9559
2400 1899
3541 5577
7823 5440
8904 6566
8195 7491
1965 1478
2863 4887
4120 4181
7823 3410
8878 8488
5273 4286
275 6192
1228 2381
4390 802
9990 9682
4838 6162
9626 4316
9823 4184
6177 5835
492 9818
397 1440
3770 8716
2720 3463
5157 1152
7142 8881
7345 5694
5274 1360
9444 9673
4217 8467
2628 5842
5302 4635
3675 199
3623 9474
3605 775
4455 9028
5681 8889
4897 5811
7566 1772
8665 4184
6572 4447
794 6870
4730 8858
9792 7337
333 4884
7971 3844
7794 5799
9170 5256
5419 9830
4382 4327
8074 7445
3778 1871
9062 1201
721 1292
6568 1291
8479 1461
1240 4590
2163 9595
1514 7417
262 3091
5462 1074
9133 1186
9038 4284
1921 8075
4259 5428
7842 1628
7993 9047
6722 130
5891 737
7177 8619
3871 7788
3294 7159
1701 8793
9041 744
2090 6765
6252 8613
145 6588
8506 5542
5410 1627
2672 5682
5361 8261
8911 2254
121 6541
4384 455
6248 5454
1415 425
8458 207
197 3605
3959 2880
4346 9412
5153 1810
3680 6987
6210 5597
7814 1728
4001 4450
9231 5956
6283 2282
3057 3896
2606 4817
9315 8952
5915 2001
9580 393
1330 4481
2214 364
7738 4427
9160 4301
9429 83
4070 3952
4459 3183
9683 7755
9941 446
2941 7952
1651 2051
1458 7684
2074 5559
8354 2308
4836 2825
5508 5984
8385 1648
8136 108
5167 9454
279 5600
6188 5749
1485 344
6571 2598
5483 4345
1834 7275
6987 979
8648 6488
3061 9050
5258 3650
8330 9902
3418 8509
8899 4737
9450 9310
2722 9537
5835 1441
7642 7534
8290 5648
1445 1856
7988 1067
1516 160
9157 1943
5678 1342
6617 5674
3142 5920
9994 1
8773 6019
6593 3197
3907 1175
4135 8586
2524 1362
4869 7461
3214 7337
9188 965
8979 4346
6171 208
1910 9438
2471 4610
9171 8486
7751 2662
8667 1391
4175 6225
9306 7314
2954 7328
9288 9715
2391 1497
3581 9971
4226 1656
4563 1051
9693 9587
565 1813
656 4553
3329 4204
9148 8449
8481 4225
1832 1912
1768 317
888 4325
1307 3128
8207 7737
1139 5337
2182 5229
947 9185
4955 569
1688 9816
9958 4189
2443 5586
2440 5479
1958 6158
9888 9034
8702 5246
9855 5853
2163 2650
6615 3842
1976 621
3735 4151
7543 7464
1332 6813
2338 200
4946 5771
5681 3290
5162 4776
2070 289
2292 8059
2198 7299
1272 9008
6246 4458
7069 2506
6877 3391
465 7434
1290 6335
4920 4547
977 572
4303 7050
5541 5883
9020 5295
6305 6339
9200 385
8242 7142
5078 8863
4382 2816
5974 7332
6320 3754
9816 5725
8873 5761
9327 8172
2137 5601
811 5410
4842 8975
3467 7117
4403 9693
9052 6419
5250 8020
1837 5114
1753 6280
1758 7503
1125 4661
8703 3943
8915 1911
573 9860
5714 3994
8526 9632
5069 3467
3121 2552
3897 4834
3846 4599
3734 8320
4913 2539
1512 7588
5856 4852
898 9735
3673 1077
4669 7497
5379 1956
2342 613
6721 7277
2527 5528
978 7461
3020 9661
1593 6758
3179 6015
9773 360
4935 9049
4425 7528
1704 4765
137 7472
5739 8419
3317 3072
3201 8496
4613 8515
2670 2729
9904 8046
6708 5564
8186 9737
1745 9900
1459 7692
6409 4245
6552 1330
7405 8127
9113 5257
2763 2819
5989 6353
2988 2771
403 9254
4174 6306
2987 1660
9896 7257
4811 6194
5727 2507
7708 2644
8418 5779
3115 5838
7288 1961
3188 158
2975 8291
1566 1705
2517 4158
6394 3722
2874 4777
5224 8640
9930 4954
4000 6274
9504 9669
3487 5369
1251 5078
731 8041
8684 995
244 8652
6589 9314
6671 6175
8851 5362
1794 4803
8150 3223
2733 8031
646 9612
700 1230
3369 8987
9555 3715
937 3957
8613 704
4237 5292
5267 6458
8173 642
7024 5833
71 2686
3357 3451
9190 1258
5370 8391
4612 6232
5506 7308
604 5168
443 1827
6828 2337
8631 9908
363 9411
9752 8680
761 8108
4132 9048
1283 5446
9018 5171
2703 7690
7704 4593
4407 8179
7702 6937
5009 3604
2302 1857
7963 8898
362 9625
1328 3663
2924 1098
9279 1286
5955 7659
8258 12
1222 2981
9413 8320
9338 2939
6724 7907
5699 358
5961 3505
7057 6084
7530 9503
4623 1352
31 1819
5926 7449
9201 974
9737 5889
7941 9123
6324 1883
9033 6723
805 2843
2814 805
8890 4284
2861 8573
7751 40
5690 2678
5051 5714
121 5642
2837 283

