4136
6717 3677
8226 3633
2182 4546
509 2311
9097 156
8142 6135
2584 9618
4599 965
6069 1499
930 3557
9922 3789
9662 4984
4957 7412
5008 4355
8926 2599
2407 1774
1217 9157
3643 6862
7005 869
5815 8514
4821 3075
3919 7234
2906 8825
3538 5283
4955 5764
1649 1073
9336 2032
2206 7006
9294 8306
6838 1697
6023 1728
6599 2992
8509 2872
9308 7540
9134 7302
6703 4084
5974 5933
3907 966
3375 1499
6465 9925
8920 4749
1386 2021
1488 8749
1662 4371
7192 5146
6513 7494
7925 8840
5724 3057
9607 2608
2181 4782
2515 649
2800 3060
3805 5461
9740 8575
9029 8632
5604 2509
8632 3058
9824 5451
7259 6245
7088 1746
6444 1408
6798 8710
1701 3257
8598 615
7899 8581
7607 9895
5590 8225
3932 1369
9806 9558
7865 1614
8650 220
7973 5552
4414 4815
5948 1265
5296 465
182 2830
5474 2362
9948 2844
4435 1740
9663 3693
9403 2445
1614 9617
6555 9446
1321 4138
9439 2101
441 9401
7030 7818
2562 1760
7893 2882
8971 462
1719 4128
298 7095
7473 789
1546 2995
3491 4788
5341 4541
7817 4741
5396 316
4990 137
7192 7258
1064 5915
6022 4026
8860 3354
867 2854
4572 7170
9953 2579
8707 838
1057 3027
2029 7370
6690 2770
3774 8106
7893 5432
7942 1682
1938 1232
5585 1984
6748 7398
4946 1822
4318 7126
9791 8066
5180 4001
2079 9036
5588 3682
6673 1367
6159 8299
21 2962
3753 4185
1594 4742
1039 8837
3767 8490
4668 9407
1839 759
20 3780
5774 518
2460 1829
5624 546
3050 2951
531 5752
5129 4070
8009 2531
2244 5318
2087 6888
2419 2098
1383 9890
2583 613
5267 3509
2155 784
6751 5754
6566 1251
7338 5057
9976 6243
9600 6828
8700 3458
582 4185
2752 3220
8965 6948
6303 4340
197 2551
9945 7194
4319 5998
5887 9872
2100 6074
9017 3516
8486 4572
2125 7914
5797 4991
1083 7239
3038 9166
6368 2669
6521 9613
5230 2429
5555 4705
3911 1334
9791 6908
2107 6916
8436 7727
8888 9367
2736 1089
5491 1769
7498 6339
5205 9043
4277 3925
2080 7540
7426 509
4176 5391
1666 5946
4887 8139
7432 4548
4171 8043
8321 3903
4196 7402
4336 5854
3501 1010
9541 3125
8494 4051
3235 4609
5542 278
7986 1012
438 9720
8760 8859
6178 4002
3508 3467
9709 6453
2960 8796
2978 9150
8803 5619
1986 1780
4651 9860
8375 9175
4739 2433
3398 3994
3307 7858
4100 5660
4879 8120
8434 6976
2702 1159
6702 8562
8382 7997
3178 4016
4159 5954
9519 5221
867 9867
9703 8483
2247 9364
774 2643
8309 8780
318 1142
3443 5928
281 8886
6215 2465
3968 6966
9607 4477
8632 5229
7465 6964
5235 1750
4990 8115
1831 64
2556 5498
1280 1441
1991 6827
6635 9976
2826 4567
9679 5098
579 7350
6252 6942
5855 2225
5048 2371
1637 545
888 5510
5092 7494
451 3972
9843 2392
7274 7331
4033 7210
1810 7600
6210 7037
6755 147
1800 9057
7623 4890
7845 3096
85 6432
571 7111
9734 9233
44 1479
1892 5008
7669 9316
7243 980
7798 943
9246 682
860 3124
6821 6633
706 7454
7295 6163
5413 8060
5866 2589
1441 2026
6984 7157
7702 9126
7270 5712
991 3903
6045 1094
6174 7813
6630 6372
3316 3155
5614 2026
6521 4749
978 9214
6801 4998
2837 6294
2556 9859
5934 1907
9044 454
7340 7411
4905 2792
3895 8408
9098 9999
4422 8677
6466 131
3311 4756
9080 9603
4679 4128
5423 6618
6847 6369
8446 9023
2799 3837
3691 2732
6349 82
2598 3799
3847 7441
9802 441
9690 3104
4679 4034
6123 8841
2921 3142
3755 9879
1536 8218
8630 2854
9881 5821
8293 2144
4509 2866
4066 2820
3372 8196
8112 340
2378 6708
633 3021
49 8662
2624 6975
7402 1892
2702 4735
2696 5238
903 2075
7898 9886
6463 2498
4609 1457
2848 1885
1937 3443
4153 8287
5490 9781
1974 1412
8704 5927
6499 6400
8278 1709
9252 1776
8555 7094
5555 7101
1000 2211
8041 2649
662 5981
3775 5911
8468 5547
409 3158
7310 9387
3665 9772
4917 3508
2915 8521
5261 1041
6161 6784
6704 9183
9916 6039
326 5076
4586 9291
4933 8380
9280 2885
6588 2643
1406 6360
4121 8224
510 5727
4658 1504
7215 8957
6487 3307
3965 8153
5209 7841
6379 2339
890 73
1207 4053
727 5754
3831 5466
1870 8161
8782 6683
3004 7269
1584 1952
8492 1145
4651 674
2613 8515
6247 4572
8990 3783
921 3843
9459 4363
5476 6337
3738 2093
8937 1347
2218 4747
1208 8991
8614 7893
71 3501
630 3825
6177 6348
6861 5248
8603 793
8517 616
3934 8188
356 1261
3912 7513
8142 5474
9982 5826
1478 2739
3488 9230
3934 3028
3811 3783
9273 4343
1059 876
6020 4767
9183 9985
8341 1721
9295 8274
4715 3895
2959 5723
6327 7528
1476 4293
5856 4437
9768 8472
2116 6305
3493 3348
3503 9476
77 9304
6642 2813
4913 5652
3087 6019
1515 9359
3234 7201
9456 6858
7164 1838
1881 7380
6706 1162
7983 8360
5236 879
1916 8920
3764 5706
2147 3363
7543 5611
2675 7902
9570 3783
6410 5656
3275 1893
8642 7351
3788 6807
2441 1945
1392 9793
4207 7762
6956 8755
155 7725
3756 8330
7498 7508
6234 9406
3002 4746
9562 8055
8191 3306
6865 4651
570 6426
8334 8528
6150 1907
5044 1601
448 574
869 1631
7739 7033
8257 3176
3318 6351
6053 906
1784 1039
7953 9615
2820 159
1238 8869
9883 686
5321 115
5014 1805
3401 2607
600 388
4008 4988
9238 8272
4207 6998
9010 9379
1700 1533
6760 1390
8787 4281
4801 6177
5799 9880
1531 5315
6262 9156
8162 8619
7549 8822
917 7705
1751 3195
8180 7012
7444 9695
1183 5742
9278 1432
3665 2426
6456 4152
3485 7011
9670 7303
8279 3685
5193 4119
3717 9300
2702 8795
926 9829
922 5281
5241 9170
3690 6105
2843 6036
2523 6464
2370 4787
3311 7690
7316 2696
9331 6105
8414 7873
136 5910
5346 5594
4678 9109
9305 8750
4007 2814
8796 6370
8091 6369
5924 7266
7176 9920
5697 7577
9037 8927
235 7902
2578 5888
608 4722
2626 9309
8957 6062
6119 2046
9671 5623
2744 7437
142 2081
8127 6452
6243 901
7931 1830
9438 8244
3800 8693
966 5442
4671 5778
8935 4682
9209 1560
6564 4081
9339 6231
4781 6419
4154 8333
3278 2057
1591 6247
8172 5910
9249 2929
825 3765
6600 8756
3169 7248
9409 4907
2473 9846
7880 8938
2104 2745
4723 2278
602 5862
9123 1472
5703 1014
2890 8423
1920 41
779 66
2473 167
1937 9034
3222 6057
9386 9873
7335 6422
8201 8726
4593 3713
3044 9805
9516 2117
7375 4492
4044 7028
6053 9306
998 4257
7948 3141
5939 3805
6401 2341
2608 6466
4191 4179
6715 7383
6917 3218
6567 7735
4309 2303
3095 6973
8425 3559
4212 9170
6921 7027
5988 12
7336 4321
9541 7270
4461 4265
8099 9849
1576 6655
6672 6218
5675 1025
835 8387
8498 5142
7372 9154
7078 4515
4687 9628
7145 9838
7553 2341
6344 8157
2936 618
9002 738
1262 571
5075 995
2829 9150
2087 8662
4848 5100
8520 2203
6639 5418
6462 3239
4600 3895
3149 2561
6948 6320
8623 766
5696 8815
3274 3728
2170 6027
9753 4337
417 5380
8613 2868
2262 8047
4068 236
1654 3323
6485 7640
9238 5332
7745 1437
2021 2416
5931 2263
5032 7352
8366 6785
8372 2159
2660 6905
6172 353
5627 790
3910 8739
7515 4730
5855 9877
9783 5973
9106 6157
4420 1181
2883 5340
4366 5593
2195 3732
9431 76
549 9711
1370 1520
5924 3140
14 4656
7004 3957
9152 5940
4819 9313
333 5693
5204 3858
1059 9078
9562 6283
3102 256
2377 9483
7272 6857
4277 4348
3001 319
6524 7550
7560 1143
1548 6300
1693 8248
7667 7933
1161 287
9368 3586
3557 7092
6753 7773
3612 5520
4370 6630
216 6072
5214 9242
9080 7932
9279 6353
2188 6775
6155 5226
4654 2955
6174 4749
3724 8701
4929 480
7623 9977
720 3146
1905 6631
1960 6829
3005 8734
2977 8036
3005 3119
6286 4736
3682 4336
9309 651
9142 1833
3179 9930
468 9474
4550 6442
849 9642
2864 6390
3646 6286
1695 9891
427 7371
4667 1149
6595 1279
5254 4033
3278 1254
3803 671
4330 284
7206 8612
1331 1356
2699 1243
9179 3412
2505 4189
1692 3262
6927 6965
4230 1027
5834 8638
4190 7693
9393 9819
9022 6588
6575 3347
2354 8178
842 4421
694 3508
3624 7061
462 9873
4323 6702
2666 3622
3110 9529
7026 1771
3130 1276
910 6980
1337 1759
6389 4834
5551 5435
7444 5271
7940 3485
7626 8826
9579 1312
753 1583
1767 4066
454 414
4345 4733
9912 481
7809 1615
7347 1486
8040 8236
7921 4783
3047 6733
2308 6928
8546 1349
2149 2594
8635 8022
1014 3929
5571 2636
4840 382
5922 9425
2753 5585
1168 8454
7194 95
771 5631
2543 1650
1968 7874
6038 2423
1279 5665
1073 3818
1914 3901
9376 3053
2712 9958
4612 7234
138 8695
1442 2664
5354 9493
7636 2774
5359 8455
2914 415
8336 7739
9696 4028
6652 7692
6473 1487
9545 1411
4041 8738
5273 3654
6038 214
9066 1173
2271 9469
1208 779
3828 5718
240 9864
3579 5892
4979 6086
8314 5
3757 9187
1312 3880
5014 7630
4323 3040
3234 809
8042 3839
6609 6104
2306 8068
9128 2467
3079 3373
9019 8205
1152 9246
5704 1092
4876 9077
8277 9853
3960 227
704 7668
8469 1124
250 3287
7655 5395
1811 1582
7257 2178
4345 6994
4619 9512
1555 5588
2833 1352
3463 5948
328 8596
7467 1748
9164 5934
8772 5693
2078 9426
311 5143
6249 9072
1925 4598
9192 8305
7978 7095
9586 7887
8700 8354
3538 9083
2033 4535
4266 4498
2315 9619
1853 4971
6057 4354
1874 5447
1424 375
5378 2668
3368 6583
1839 8104
1518 8248
3131 8888
7889 9306
9289 4785
3401 1348
9939 1248
1695 302
5170 5008
895 3601
8737 2010
5559 1119
4845 2898
2898 136
4636 2477
2835 7959
9560 706
6670 4019
8772 6217
9491 5676
2494 4466
3651 4434
4154 1796
9358 4259
4532 8203
4679 7254
2173 4291
2253 4999
8837 4138
1279 5657
5532 6415
1107 5006
6607 3128
5314 3359
5941 684
6675 7814
3083 4498
6425 8073
7586 2769
5639 5743
4131 9859
8389 7509
4202 5685
2274 5487
6009 4292
1255 2488
5752 4504
8714 4864
4630 8228
6837 6705
810 1800
2623 7059
8510 3105
9863 7785
2501 4353
1619 326
3799 5862
3443 3739
6544 5677
4638 7547
5582 4307
4406 4195
9058 5614
4842 3965
5371 8085
687 3863
4125 430
7827 6223
2806 3697
664 5870
3648 8010
2158 1920
6242 6109
9013 6662
9507 5827
9340 7039
6654 3733
5735 7850
7349 1224
5054 2507
5948 8164
6824 6085
5989 3617
7618 713
2500 5462
5750 226
5410 9052
2209 4835
2418 126
6035 5073
8930 8550
5609 5949
8901 8457
2322 1489
3901 153
5979 4082
58 2814
6471 8183
2500 6634
2365 5558
1730 2818
1750 8927
755 710
4989 2285
4475 5015
8821 1743
1758 1868
5006 4093
2264 4441
5593 6070
4961 5896
5470 7258
6123 5743
480 5643
869 4387
3644 5565
579 3125
765 1448
3621 5621
1187 5347
6257 5056
6498 7828
814 690
5919 5952
9094 1814
4411 3521
6766 6478
884 2378
2682 5844
8299 941
8583 7781
3623 619
1748 3705
195 3159
3124 1831
6821 2744
847 3113
9 2414
9440 1852
2202 8160
5421 1709
4201 6919
1280 442
3763 2894
2955 7495
1540 5222
2851 7575
2059 9911
6497 9338
6671 6050
7059 3472
2625 1462
416 7898
5110 4287
410 5212
4483 6522
2122 3079
5200 3601
2418 3298
7451 362
9079 6296
8719 6839
2664 6254
9737 7312
9094 1648
7374 297
9123 6212
6287 3105
2397 5470
3537 7869
4871 1215
1931 3898
1335 2264
3433 923
5048 2715
2550 5902
6457 4111
6905 2606
8278 5879
6495 2275
2793 1598
6827 3274
969 3096
2847 4738
7610 1741
7201 5419
9979 1224
7355 3658
7962 2177
1549 2459
1837 7205
2038 32
2576 6975
3690 1420
4315 5491
6211 3924
8243 2913
8627 195
9657 8383
7464 3018
3707 5676
6864 8763
4662 5389
1988 9484
838 7989
9441 148
5735 3395
2576 7608
1775 2533
6832 5830
3732 5656
7750 6083
7375 5769
8668 7658
181 3069
2265 2236
3711 3129
8819 5751
7284 9131
1780 1123
8743 312
6145 2615
6572 4811
5509 6527
3250 1694
9786 1563
7534 8903
2677 3575
7191 3343
6149 3938
7748 1864
7903 966
7378 5047
4253 2967
5907 6911
9717 5811
4403 5221
4020 7
3662 1564
6641 1659
5947 1881
6120 6610
203 1057
38 201
5706 4157
9152 3647
6262 5765
686 7175
9084 1791
130 4244
5599 4926
281 955
7511 4584
4871 1406
20 3563
2422 6538
6463 4495
8084 5649
4510 9414
2441 281
6762 6759
6868 7728
5557 6104
6434 4200
1331 6621
6459 909
6073 8837
2422 7477
2750 3674
737 293
4123 5930
6732 2370
4500 3416
1059 9347
7843 2609
5124 2667
9848 6642
3804 2975
9447 4154
6161 3872
9712 6382
6402 8163
1404 4821
3475 5972
4974 5579
6938 501
1442 8136
5934 5094
4087 8346
8285 3588
4968 1765
8192 1654
7542 1095
6133 1822
6228 8880
7091 4223
2334 8613
123 365
8331 9550
7644 2489
807 9785
5329 1117
4631 2590
7646 6441
6228 5010
8462 258
1971 5828
4545 5711
964 4428
9623 1824
2021 3237
4678 9505
2218 9412
4845 3410
7741 3396
1275 281
3046 3450
4823 3050
5117 2455
4049 3476
1951 3704
6959 5070
6709 4776
3751 7937
1584 3852
1660 2149
2229 7094
2179 4887
7765 4885
1807 2754
9851 445
9459 8087
975 2815
9283 3693
3604 2087
2740 5922
6687 7784
8138 9648
9008 8969
1029 3805
6939 4168
833 4099
580 8485
9251 8521
6499 1420
7315 7307
9026 3045
7333 5785
3346 5237
6551 89
2228 1997
8059 1624
4030 2142
546 8939
1302 4262
5278 702
2860 2501
4103 3258
6225 2520
1074 8542
6165 9093
50 1764
199 6352
7936 1045
6246 7003
3288 8539
1737 6677
3073 2991
5957 4778
7607 3795
4404 5344
1024 8571
5078 1698
359 4377
8419 820
4288 7216
4574 5865
1845 4642
1431 7111
2982 7286
5193 5659
1403 2996
3795 4374
4265 2812
6191 6849
5408 2487
8932 625
5607 6108
2982 1164
1337 7799
766 6062
1698 8269
1769 3412
9255 9186
3104 3295
2744 5790
8053 971
555 8539
5295 9241
241 3456
5977 3858
330 3713
8211 4307
2426 8895
7039 1938
2228 844
5126 447
4382 5564
7514 4894
3901 3771
9288 7905
3210 5396
3066 7801
509 9437
6660 4960
9937 9191
2515 7669
733 9459
7466 9702
2699 6365
1433 6127
4761 1272
7963 3614
8704 9747
3663 448
2624 9650
8254 1485
4604 8540
2605 8787
8413 1591
1163 8680
5551 2123
3247 8264
9593 8786
6415 4242
3361 5183
63 3693
321 4000
1673 3851
3179 947
4345 3195
1577 3807
4478 743
8111 1550
2734 5100
6638 5342
9633 5030
7608 9789
5442 735
6842 3909
1614 1283
5408 2686
544 2224
8432 7742
7935 4694
9792 342
3423 9954
8071 3196
2949 1414
8298 5911
4878 1995
4260 5797
1307 5646
4891 7279
9351 1877
8196 3661
5891 144
9596 1540
5243 5711
4308 7428
5681 9960
1226 3595
5052 403
5482 1990
5581 935
1607 2405
4847 2249
3222 7467
3597 7730
2406 6528
2252 3340
2970 8345
7542 3708
2122 9590
7062 9425
1134 1682
8934 9262
4156 3822
2950 4607
510 9471
813 4709
1717 4850
8035 3009
4832 7814
6891 7132
3570 3319
4474 1689
4090 3343
1103 7183
450 8525
2420 1611
2189 4238
9063 2960
126 6703
7710 1415
7763 2835
2690 2691
535 9141
3854 609
4583 4794
9748 9534
7430 6055
7713 1242
1030 202
4261 247
6807 3081
1330 4892
1647 7092
2732 308
6891 9946
1579 9908
9148 8852
9577 623
5510 3957
8686 3566
4214 6501
269 7491
4144 2764
4785 4654
2036 3032
1326 8584
1249 6725
3329 2141
5251 8511
7082 2928
3215 5544
5800 811
2129 4633
3386 6066
7943 5217
7027 1237
2170 9490
7349 1383
9449 6636
6157 4328
9657 6454
7684 9275
4541 5030
1157 3917
2348 8746
8009 3829
3111 4369
8101 3497
6033 4584
6087 4477
7839 8496
5669 9199
7169 4477
6491 3953
7104 4390
1008 8932
7546 4872
6266 2345
4068 2635
8399 9557
6926 7942
5250 7340
8588 1501
7225 2893
3668 4126
3636 2451
8674 4484
9822 8986
1742 8958
8112 1481
7411 7315
1504 1000
2968 689
9385 705
5805 1396
7045 7920
1768 3663
610 6923
1029 975
4503 916
3236 3054
1652 312
189 4236
6804 5404
2939 7433
6295 9978
8038 2507
2248 6941
7668 9126
4355 5533
1102 7998
2334 5660
1674 837
9754 8765
126 3432
8280 8330
922 4586
9547 2786
7007 99
671 8193
7752 9238
7675 8136
2531 298
790 6454
7996 2857
9698 8803
7866 1942
650 429
4010 7047
7150 3660
1855 3723
5871 3066
5747 6913
3927 9408
8485 5459
9906 2926
934 815
2351 7089
4792 2212
9624 9664
8529 4364
2154 1770
4009 4620
4755 3203
1504 4234
3970 4680
5897 6707
798 157
6791 853
7852 1414
3650 2152
2485 1528
1145 316
2266 9367
9581 5757
617 6319
9255 2492
3988 7026
6767 9836
3695 5328
7667 7047
6659 340
8451 8863
935 2392
1114 8690
2587 4290
6492 1967
3841 470
3516 3875
5341 2441
5267 8955
5114 1042
1092 641
2225 2419
2720 1309
4956 1273
7612 9122
7131 2174
5913 191
6253 2795
3193 4513
376 3555
9252 3937
2671 7873
2038 162
289 4181
4096 2152
5068 6019
4276 1970
862 4124
2534 802
1651 3034
8741 9174
4777 6395
2603 3240
1274 8469
2091 7577
9821 7232
4572 5956
3267 4712
2597 5811
7946 679
9455 7513
7788 8433
3636 7397
3388 4919
238 4483
3961 1972
1013 8480
6158 9662
9507 7580
9872 5782
4420 2504
2701 3137
5257 6976
3905 2445
9195 1584
7658 2475
7840 6382
6580 8669
4496 9038
1119 5557
6053 4943
5067 7634
3519 7092
2481 1128
3626 2246
317 667
2670 8097
4469 9183
5961 7901
10000 8187
7782 5353
8751 8402
9651 829
9910 7025
8743 7809
5369 1761
2561 2045
1418 3024
1478 9702
3407 4587
538 1817
1723 5516
9848 6115
781 936
4028 1394
1521 6491
3883 7750
228 6352
4908 3812
1629 5442
5351 7664
2302 7576
7229 3047
9001 260
1966 9175
2565 1853
70 9990
3785 6750
8322 3850
9843 8140
5884 7002
2684 8494
7146 5506
8909 423
930 550
1669 2747
3167 5383
5307 7617
8026 9058
3819 6103
7304 1776
3526 7249
4525 4628
8742 1811
468 2798
4959 2249
9408 7873
6646 1816
2226 9614
9551 5480
6353 7890
8921 7095
3591 1577
2848 519
5405 962
4756 6216
9831 2758
5102 4696
719 3039
1143 2325
3310 6635
2208 2680
2422 6797
7235 6437
9231 2766
1120 4168
556 5108
8602 2593
4183 822
8436 8765
2726 5765
3281 3002
6426 3247
6461 4360
6091 2320
5408 4363
8559 3913
7758 2404
302 8470
6432 5973
4321 8998
1067 8475
7979 1101
7239 8426
2099 9292
367 6919
2036 9666
9072 7409
6306 233
5529 4314
1152 5505
7775 4948
6286 77
7386 1056
5162 4149
3407 1245
8694 1604
3195 185
6789 3585
4074 5634
2611 269
3661 6084
4949 9671
330 8906
2896 7989
1994 1712
1491 8898
9251 7253
858 293
9321 4456
2524 5052
7327 291
806 8089
1958 709
6583 6343
4135 6786
686 3437
7961 1578
6357 8942
6690 3813
173 7583
3957 9573
6789 1845
8525 7817
2416 7593
9825 4853
8052 8324
5639 2323
2166 2305
8994 5413
9125 3546
9093 2902
3128 2427
9329 7764
1890 775
8792 2877
9773 653
4680 6949
6617 9437
9314 3959
9213 2511
524 2193
8366 9467
4571 9283
2915 5104
7462 3956
6940 7035
4276 311
6111 8352
7502 740
7200 9453
2660 4519
3509 5113
3360 8583
4895 6662
6466 3013
4024 5903
8265 9643
3135 2390
3324 695
6911 6478
1077 4521
4150 7800
1199 702
8763 4263
866 2249
3724 313
4872 1956
5070 3722
1499 152
556 989
404 9816
5343 3432
3326 9195
5960 182
2887 2526
4502 6617
4025 3666
2662 5429
9284 1720
5035 8974
924 9460
5402 9777
1326 6199
7593 3470
8590 9338
8211 9414
2731 3217
8457 753
3319 2983
5651 4868
9853 1373
6240 3008
4733 3223
7235 691
1663 1134
139 6794
8338 2716
699 6002
4617 1157
9466 2599
5846 5229
9418 4806
6824 5476
3068 5448
8143 8547
9612 9081
3283 779
9940 5842
5497 6213
7637 3277
6531 569
7891 7834
4859 1440
9896 7524
390 1703
4883 8333
9682 6322
9028 2694
1541 4272
6909 8323
6333 6115
8864 3146
7845 277
3135 9856
2405 4360
9511 3473
2104 2052
7208 1555
4212 7522
1116 1983
7623 3836
7162 1136
173 217
4172 3187
446 5866
9584 4806
9780 5308
318 9866
5040 1391
8258 7039
846 8934
9364 1312
6144 8217
6629 7347
4285 613
7184 9268
8980 9557
2446 2682
8300 9867
3527 3782
9116 3771
4685 9629
467 3897
4998 3680
6887 4418
9168 5804
9865 4286
6583 2486
2721 9978
344 6671
9762 3297
2440 7215
631 2016
3634 8414
6974 2778
3487 5731
3442 5310
3560 1573
7787 3489
6955 1536
3859 6420
3233 1268
8736 2254
4932 3000
5039 8050
2962 66
8812 9833
1495 4917
6694 7641
9717 3761
6226 6430
9441 8186
4651 9762
2530 9650
5561 4407
9658 6603
4861 5311
8059 1900
5719 555
4878 8541
250 4733
1699 2984
7563 5694
4469 319
1098 1623
676 713
1235 2350
5602 3150
7502 7999
6562 9688
7096 922
8626 5372
4926 5655
9514 8143
670 4010
6691 4721
1285 5991
4577 8969
9083 1892
1545 8187
1322 6853
7873 1141
7068 795
3616 664
229 1079
2713 3374
1561 2700
5347 9953
3348 67
3883 3906
2324 2485
9680 4734
9304 2199
379 4479
5845 8064
1729 7735
4533 988
4934 3586
9702 843
1709 7035
2683 8230
7165 32
6379 6562
8429 6804
5691 3297
8611 3614
978 4438
7589 7286
9187 9695
2218 9087
1044 4047
5968 26
5159 7998
7082 8531
7560 8566
4557 5276
8398 5122
4541 4709
7813 9333
4197 5684
4188 5063
6251 7662
4982 9737
8511 7929
3508 4153
9078 3892
6257 9959
2405 3230
2854 5498
7100 7251
7102 4734
998 301
8172 2121
6842 9873
3053 3040
8482 9009
1072 9426
9706 8491
4937 5162
8274 5424
4559 2051
7679 9267
8607 5624
2486 650
4534 6763
9270 6295
7303 7462
3319 9497
4687 8004
3915 2644
5651 4623
5206 3560
6673 1516
7707 8186
5988 7644
7008 1238
2947 7842
2079 5215
7662 6892
7889 2793
4178 8914
762 1425
277 2229
9797 2281
1615 3642
9351 7688
8300 608
104 4769
9375 1829
49 687
1675 9057
5080 5479
1203 3521
6715 1241
716 8139
3031 6538
5980 7413
805 2884
965 6206
9664 4969
1393 7575
125 3679
2809 9869
7524 2411
6683 5728
2119 6211
5750 7710
2207 9195
3345 9798
7241 2002
6353 1871
2047 6525
9073 218
8771 6571
4547 4583
5741 5563
2380 2346
111 8785
6594 120
4553 1769
6961 2897
1761 6687
384 725
5453 9992
4261 9731
2878 4972
8145 1926
6965 4917
6682 6077
9832 5400
2848 3084
3742 2086
6397 1797
5801 7253
2211 5227
4117 8808
8890 9346
6090 2176
3477 8035
2718 1133
9945 3134
1368 1806
3584 1807
8562 9031
6581 2612
7047 3918
9866 4407
820 227
8108 7194
8524 4914
7176 1699
8284 3435
7204 1750
7461 7659
2920 9495
9176 2069
4369 4600
7073 7741
1764 1834
3588 645
7813 8365
8369 5371
127 3627
1710 1289
719 4919
253 6120
7122 7655
8855 7655
2314 4969
7662 6812
658 2991
9418 41
9432 1426
2689 7434
9410 5324
9588 3546
5749 1232
1142 5521
5107 6149
7301 7320
2797 5572
7099 8817
7135 5621
981 9770
3383 5758
8051 4457
8483 9593
1729 9768
6772 1527
8654 2052
5681 658
4740 6292
484 1459
5317 9637
3331 8927
5282 2297
9439 8636
1757 9651
5311 6678
811 8071
1369 692
5499 9556
674 9712
6341 7132
1981 289
2022 5818
4530 8176
6275 2409
7424 4347
6742 4243
4146 3072
7120 5492
7192 8795
9887 9467
3136 2092
3150 4571
9506 9625
7683 4451
4875 9561
138 8453
69 2518
2491 4745
3072 2354
4020 6264
8388 9980
5400 2034
2231 1684
3619 9349
7622 4611
1073 1268
910 9567
7712 314
292 7061
1880 2300
3613 9219
5615 82
4710 1759
5362 8156
4036 6639
6945 8069
3364 5485
5195 2380
9820 2517
9614 641
6608 9355
3563 1908
9584 4015
8282 5974
7793 1584
7312 9161
9740 5005
8761 9639
9361 3951
5538 3864
7901 3495
8494 7297
248 1880
1479 7295
2834 7494
5446 5830
7409 6345
5010 9443
5103 4008
7985 9114
6364 7261
3252 9766
8622 4883
8375 6369
5048 5072
7534 1953
9998 9344
4340 7665
9710 1994
6376 5280
5947 7191
9045 5907
4332 3243
9437 2612
613 3045
4420 6876
1732 5888
5678 6195
9369 7792
7149 98
5741 5623
9097 4540
8367 7579
1844 1376
1059 9734
4843 5729
7881 7291
6583 4229
4109 3336
4893 2240
1663 637
1426 6005
6681 7425
6382 5378
3491 1702
9610 5981
830 5246
1462 1430
9149 2319
6582 950
4320 7009
4469 8994
8796 9547
8599 122
6041 437
1461 6043
5185 8571
4498 1563
2841 3929
1789 6319
1097 218
3337 4283
9442 369
4063 7604
246 9489
2999 6956
9931 4422
4306 2932
5456 6042
7122 7421
4853 4035
3130 9750
4304 5374
6828 872
514 6321
7302 7534
8300 6499
2131 167
3541 5117
7142 4551
4406 673
1105 8125
9493 7160
2076 664
4962 2403
5613 5258
5918 7309
8101 4422
4887 2832
3847 2585
402 241
3477 7591
6084 7165
9064 1623
2162 2961
3701 6451
9471 2523
1180 8113
601 3482
9561 8616
3921 5385
5304 5689
8748 5246
7817 9556
3444 9126
9973 9107
7480 4098
469 7447
3894 8410
135 279
2602 846
7112 3472
931 1675
9937 8146
9929 4009
7160 6303
1573 7683
9349 4628
7886 2938
3779 5265
3345 1431
2169 5369
5846 1764
6227 9017
8058 1520
8958 5071
5007 1243
574 3459
5652 9912
3684 9922
2792 3092
7393 9795
6723 7585
2009 1151
933 9552
6068 1681
1954 8024
546 1456
2962 9381
5271 4597
4074 7833
8798 1206
5563 3090
3079 9632
3874 2768
5858 5763
293 5335
3671 1581
2987 8879
6087 7596
5276 1979
7117 2493
4204 1526
8047 8735
9730 5083
2932 5455
6203 8974
2162 9740
4790 1647
9594 8749
1322 7600
2474 7085
1699 1400
1230 659
5363 835
3464 9170
4352 2790
2616 8352
3424 1472
1676 2952
1472 3111
8263 6001
3856 3193
8909 5272
4743 5057
9986 8445
4804 80
5710 3817
7382 4320
2630 8152
2953 6067
9286 494
8276 3952
1847 2200
1146 8055
9186 3161
8434 274
11 4958
7216 723
56 579
6668 5177
6724 670
4447 8470
9232 1555
6960 6623
6049 2895
4215 6687
3943 6523
8562 2980
5762 1773
169 8420
9651 6039
5432 5071
900 7399
6555 5417
5046 3139
8922 3431
5240 2367
7838 3124
5878 9154
1170 1791
9245 8081
7400 9079
7784 5297
3868 2884
2586 700
5644 654
4925 1185
4123 7244
1853 1841
3335 6336
9900 8310
3191 1963
8276 7043
5578 1493
7022 9560
6732 5379
8447 6238
5026 6287
8653 132
9369 2056
7140 6573
8560 1434
3132 3035
3541 924
4359 8293
1173 1396
5966 2305
7562 3448
4292 4887
3570 6928
643 9469
4611 213
5793 6990
2814 3319
7200 8773
2018 6608
6188 1424
4396 6554
3011 2446
3248 1638
7103 368
1673 4523
6773 8418
3450 1811
5049 4300
2726 7190
6830 5210
7633 9167
6567 2538
6264 2177
413 2825
9367 6945
6585 8811
6430 5988
3065 2180
5429 5605
8322 6979
5140 4802
4218 810
5789 5714
6662 8306
242 8347
6099 3483
7019 1039
2222 3442
6470 4005
2146 3412
4476 3050
4304 3006
1277 3740
8516 4076
4312 7883
6427 143
266 5518
1800 840
9693 6089
7040 525
6371 7480
1628 8101
9535 9505
8608 5498
1211 4397
9625 9055
3597 7044
1724 9787
4479 1923
112 4162
6895 9885
9752 7983
7674 7802
3889 1634
5531 8969
5273 9535
9537 6541
4556 910
733 1508
3696 2260
3298 5947
7570 2795
3731 3
2484 4404
6104 5898
3768 4599
7111 2072
7089 2936
9907 688
3060 9074
7507 4467
7201 7258
1568 7182
305 7356
5708 5375
866 5399
5504 2039
3999 9791
1467 1913
4001 3089
7019 9895
6337 5749
66 5278
3351 5906
8742 1997
2675 1554
2133 5366
2612 6084
88 1982
6444 8856
4801 4072
8592 6125
989 8672
3696 1929
7917 1969
6032 2271
6436 3337
5458 2723
294 2776
7991 9819
9268 3716
1932 6502
844 6389
680 6952
3187 1225
813 2028
6302 4114
5950 7587
371 7826
340 3762
7178 889
1416 7784
7295 9922
20 6764
6123 3587
7620 9227
2405 1637
3854 3718
889 7708
6528 5801
9883 1419
3139 4087
4157 8671
7183 5239
6338 3622
7712 5060
1555 9335
1807 5012
2184 6476
1979 4532
877 3316
6449 2700
8633 7756
4270 787
8529 5724
4644 1095
6054 1688
4767 1489
299 4359
7316 7833
8333 6801
9280 3962
763 4818
795 8544
7389 6109
760 332
6599 1161
8485 8240
2927 9702
7365 3030
6876 8511
9838 2248
3411 472
2300 6673
4411 7604
1856 2722
5139 9718
7810 6712
7145 8021
9262 4835
8399 1729
8960 8504
1426 1911
7671 5163
5937 3947
3687 1957
7143 7489
9739 3680
6537 1935
2408 1248
3859 7751
7800 5724
4508 779
992 1137
2919 5161
6741 7939
8239 4259
2338 2398
8350 1685
2757 9164
3641 3203
8653 5305
1966 1990
6276 778
4454 1661
5230 8513
5776 8476
6650 5895
9106 4995
9116 1111
7214 9870
3156 541
4808 21
6080 9522
8720 2444
4946 1856
3383 7702
2413 2029
7110 1110
7091 5102
8146 9990
3073 4684
1392 2751
13 3642
6648 2866
9257 8488
1607 7045
2721 4749
5547 3169
7103 1964
4800 9884
3482 3528
6614 4313
7965 4080
8631 9836
8348 9268
6055 3221
2369 3354
2120 1943
6733 849
8281 9363
2272 1885
1759 9148
4586 5360
9713 5617
750 9768
1712 6611
5517 1390
745 7415
4720 2804
2091 4545
1589 4431
9673 7824
7456 1327
7516 6130
9829 6052
2052 8961
8062 9945
2995 7175
9787 2517
9295 5941
5938 4574
7769 6880
4089 2868
7293 9723
2314 3035
964 4487
4656 2146
1348 1450
6706 9093
5880 5979
2058 7829
9478 9571
5328 7406
5607 8402
1828 6133
7975 7883
8998 599
3711 2601
97 7266
1126 3000
1088 4656
2648 7884
2997 6861
3254 7496
2281 1068
88 4969
6407 4478
277 4796
4855 1863
2527 2085
7019 1031
9080 7249
3041 2600
210 9806
4248 8192
9409 7697
5197 3672
8073 2013
2801 6164
3289 2365
6702 1653
7391 9771
4043 7320
410 6160
4654 4201
3015 2240
3537 4844
4642 3978
1552 2650
672 4305
9640 5332
2991 4719
5657 7331
1037 5957
4865 8183
3283 7992
7311 1062
1990 9493
5889 3537
2989 405
8891 4003
5600 7220
7006 4889
2654 9306
192 4181
2819 3711
8113 134
6353 5295
4410 5615
9508 7252
2230 795
313 9355
5001 4214
5412 3273
8785 7446
3600 2927
4656 9083
9855 9251
7049 9459
6745 3785
9855 4077
222 1074
7909 2542
5734 4104
8842 1229
173 6318
4840 8528
2623 1216
1686 5537
1409 4732
8770 5665
1266 1481
6859 4650
5893 9902
2733 9007
1134 3407
3652 5427
8361 6074
3411 7624
3965 7100
7798 3240
9493 9029
3547 8419
9713 7845
3470 2081
4432 9344
9388 1307
1332 8584
5332 6352
5969 4904
2213 7761
8604 5266
5039 4672
8454 6385
6490 3342
4592 1098
7310 2982
6657 959
9899 1592
2393 2322
6968 4471
7909 3721
3843 1880
1639 9333
6197 928
8138 7454
4295 8438
7591 9959
6843 8561
1466 9929
6446 3730
9995 2677
5021 5499
7573 4288
9495 803
5497 7331
2676 8922
3758 8141
3212 4606
8434 6940
1353 9801
1657 9925
3446 560
320 3035
8637 9575
7687 8192
2617 680
9907 7438
9263 2782
4516 3504
5315 9047
4059 4198
6733 7076
1030 9686
9417 34
2942 6303
2397 136
8719 1700
93 7324
4595 4543
8474 3992
4961 2481
8229 5150
870 5633
578 9435
6773 6826
2049 2562
8361 2814
6739 3170
9585 9766
7528 8255
405 2046
6324 8153
5727 949
1369 1038
9964 4619
2212 7933
4522 9228
7242 8544
8391 718
643 6980
7293 9173
6949 3958
6848 2544
747 8498
3671 5458
3559 8736
5539 3021
5859 4183
6097 1426
7699 8199
8066 1063
9397 2422
1663 9916
9895 9309
6930 5392
7971 3758
6614 9659
7955 1825
4616 3259
1374 7936
838 8543
8099 9104
6082 190
8221 619
3756 2408
4409 7646
158 8409
8406 1504
8756 7987
9781 9806
619 2011
2626 5464
8812 7590
4717 7923
6837 8072
4036 2186
8737 4410
2075 7284
4671 9366
1575 7088
8939 1887
1646 8422
2412 3164
7191 1705
7203 1811
5993 9700
1418 5401
5796 4915
6153 9238
1747 3071
3099 1337
2892 1679
1262 1080
2698 9702
343 4396
5837 7388
1918 7823
6866 5061
4587 4795
7898 8994
9316 2281
9044 6000
9579 411
3208 4720
5133 8753
7117 810
5723 218
4382 9087
1075 6266
2493 3887
6689 2094
3646 5209
742 1414
2931 7959
7674 8589
9514 4174
8449 6656
8366 6747
4964 284
5779 3673
8799 718
2177 2272
6284 9463
5067 3469
9830 8544
7500 3921
4426 8703
5089 3690
7181 2656
6824 4053
1204 4531
3485 6158
7206 4560
8593 9159
4789 9755
3354 7118
2479 1645
397 2857
2635 9563
8121 793
9428 2750
5392 503
588 1383
5503 4783
1099 7447
5194 9744
6316 4573
7460 4478
7098 5544
1941 2613
7952 1166
5350 9091
4226 6575
4680 2988
7313 2318
2024 1869
2397 3848
4584 472
6951 9752
4663 7953
3265 7680
4179 1193
4493 389
6507 1881
6235 6239
5532 8420
236 5471
3333 9283
7617 6305
5042 9108
7606 5988
4213 8030
8655 4689
3246 7902
2353 412
4401 992
9661 2588
7485 9290
504 5515
8981 3115
875 1428
1502 8607
6966 8287
1294 5960
2895 8064
7026 5048
7812 606
168 9954
1223 6184
5871 349
5807 4541
5667 3597
5854 2977
30 5536
9974 9561
4491 572
5917 2932
2723 4657
3650 2053
7868 242
5776 156
590 2561
6794 6131
98 2823
7719 6002
3103 4132
5101 2501
4862 2166
4687 9867
2606 7692
3531 1118
2773 7227
6999 9001
2123 3883
930 3188
3740 5950
9699 894
4064 7157
7287 2477
4549 3383
6403 3429
9181 1108
9318 2514
1236 7421
6853 2776
6224 4554
7647 6672
39 1092
6023 886
596 6948
4920 6851
4470 1934
7058 2995
8356 4415
8606 1575
5314 3863
1382 3139
6746 4726
5745 4234
4205 9034
9463 6723
9630 6646
542 6513
2437 6416
4221 9173
9785 2605
7917 2807
676 8788
9708 8122
1382 9608
1169 3944
9762 3927
4614 5316
4691 1176
3823 6251
1066 5385
9071 9726
4565 7774
2862 2075
6137 2887
5823 2392
4059 2425
882 8923
8605 2877
5976 4164
5061 3924
3857 7824
8841 5799
9853 876
5239 9853
4139 300
5994 1865
7615 1719
1086 6127
851 8740
5146 5337
3265 5237
9146 567
7083 4310
2597 6010
8331 9666
729 1125
6047 6196
1862 1777
7836 161
1935 2093
1064 6110
5167 9652
7325 3155
3299 6979
475 5745
3114 2177
9735 9483
1814 9000
4737 8416
4637 6925
7372 9273
7229 9986
3870 4571
155 9986
181 2283
4091 1464
5609 352
9272 4539
6714 5312
6362 8426
4180 5962
2951 5105
6878 4733
3569 9589
2691 1838
8914 5728
7623 6432
4313 7931
3651 7669
9869 6077
4532 1859
8231 3145
1764 269
1662 3680
8568 1265
2601 5016
9056 3871
5353 8266
7119 4892
857 3133
8349 4739
4327 4427
7290 1817
2051 4771
497 3584
7573 5610
3647 3252
6850 9295
729 4026
2450 8595
6053 9574
9218 8057
444 4747
9386 5645
3911 7299
9027 343
9614 1089
315 6982
5568 7505
5420 2851
1621 5931
8841 2561
5542 8853
9047 7436
2184 2018
182 1509
1140 2752
3952 5364
8674 4261
7840 1889
1192 7860
9296 2774
9567 8713
688 4772
5525 6335
2631 6232
4694 1016
1105 4854
3796 5660
9882 9515
3704 203
4458 1036
8589 6556
1832 3834
1414 8574
6423 309
9800 3711
4855 5840
6734 9367
6417 8204
3710 7581
4202 7576
303 4503
9204 9744
646 7983
4422 5150
9812 4513
1730 5883
2906 2797
1995 869
5995 3940
4117 8471
26 9485
3899 3391
90 108
9097 9589
480 5897
6458 1051
7775 9450
7915 4897
4761 8763
6718 1160
1117 9582
8716 1058
8023 6256
4642 514
9275 2496
4345 7409
209 5375
4880 4633
6758 274
2080 8370
6265 8819
6667 764
2472 7927
9641 2898
4472 4354
2269 7617
7593 4735
6512 3500
5964 9786
5237 1123
9834 3887
4986 1447
8534 53
5332 1053
2687 2569
3624 3787
1351 9395
639 7519
3296 3943
4607 5043
5600 3870
2864 9170
3800 9734
7652 2445
8488 2861
5494 5438
7711 7654
6901 4415
4069 3943
7274 8983
4708 4311
9324 502
7010 5924
5538 4680
4202 2440
7915 7233
4724 7954
8752 7909
6555 2638
1058 387
948 1182
3643 5754
5576 7028
1166 8005
7186 4032
1951 1353
6299 3681
6354 5274
5144 9208
3435 3443
5180 1260
7305 5138
3171 9225
7307 6609
9892 6706
8986 4322
8523 8049
9501 4349
3842 1445
2748 5058
9223 5525
4602 5711
4160 167
1844 7970
5697 3998
1928 4206
2409 7039
2882 5571
7084 8630
4845 1448
217 3735
7006 856
5072 2510
1653 7946
9933 7334
2985 2512
6627 7872
1139 7947
8785 5645
3573 4932
1690 7951
892 8828
6618 7782
5780 2464
9334 6351
3354 4995
8745 3657
4419 1015
3843 5965
3846 9020
1719 5094
7861 7582
458 7624
7662 2081
3642 2772
3959 833
1735 516
4778 9662
3811 7465
4286 7515
6626 4602
9516 7588
5623 7676
9930 9496
1393 5284
9857 7255
9732 5231
4629 3669
2249 5378
5394 3901
3997 3093
9275 8847
8301 1126
2402 2586
1724 7212
2870 6833
7120 5333
2218 8207
7824 6188
8390 3156
4013 6269
877 7470
5925 805
3750 8005
867 6808
2315 8279
7469 751
3938 2830
1152 6410
1470 8039
5118 4534
755 6409
4045 9421
5079 5753
6560 1314
4810 1895
4094 8559
2619 4504
5315 6339
6127 5763
235 5676
7117 8525
3376 1848
7032 78
3901 40
5557 4681
7082 914
5315 6064
7304 5143
9961 6431
3928 4330
983 9240
8672 4514
9630 3072
2647 6315
1160 6910
9770 2403
3686 2865
8710 6702
8451 989
1108 8900
2738 3238
3985 407
6205 5450
3190 6632
4459 9328
8219 7542
2711 4566
2900 1352
2241 798
2613 8962
2778 3701
2450 3974
3698 2147
6004 5949
3048 4202
690 9274
7669 8488
5081 23
5183 8980
2925 7377
4077 673
7170 2191
3330 9907
5463 4430
8149 4733
2552 3848
1806 9135
6310 8468
9853 7856
3095 1135
1418 2172
6974 1032
3892 1605
8415 5063
5362 1149
1057 7154
8944 8147
8518 1801
8159 7269
6302 7835
9983 1706
6445 9304
7661 3707
6079 7873
2732 5377
1253 6366
3371 7763
9701 9344
2826 6676
2816 2503
1836 459
7801 1484
442 4137
2928 1914
1475 13
5216 2464
5245 9228
7104 2513
3497 5548
9180 6397
4906 8429
9406 9066
4442 7133
8358 8095
4842 5699
5068 4976
6440 5128
4851 3818
9494 4548
7032 8574
8243 7238
5992 6899
1303 8873
4927 7361
7211 9272
8217 7200
6498 5981
6620 3475
4552 5112
1024 3326
3144 1931
3161 219
2228 8652
7689 281
9249 7188
8620 3220
5593 8853
7605 4608
6397 4933
2684 2009
487 2192
9746 4637
1945 9582
5522 4514
2377 9189
1149 1409
2018 2457
371 2666
6515 8230
1871 3886
6248 4767
9990 4025
5534 3471
7758 3075
2408 9056
8392 7240
127 5328
4551 9380
9200 5593
5644 6295
2483 3343
6575 180
1648 6197
4504 7564
7623 476
6763 4072
2878 9930
1397 8164
8485 2360
7035 1007
6737 3800
5500 2149
6251 1239
1860 592
4663 9100
4366 5028
5832 6423
892 935
4823 7464
9291 1211
2921 224
1132 8622
1365 3118
5694 7959
551 8233
3444 388
3522 3729
6289 2820
5766 9565
3943 863
1754 4773
5443 8823
1495 6906
7453 7481
4029 2551
9044 4774
6829 6547
7234 1883
6372 3744
6283 5478
1873 6691
8272 20
1997 5945
6179 9563
1117 3893
1449 6412
5220 9474
5847 5215
6861 91
4891 5035
9628 9324
9534 7229
9198 7463
9093 9859
7693 6659
6891 7753
1086 4578
5064 7160
3032 1974
1027 8034
6484 6146
847 8411
9702 2339
8022 4605
1458 607
3075 2396
8279 2145
75 9387
530 9904
6464 5886
2515 6458
4077 5416
7812 5340
4902 1151
20 2570
2547 1056
7056 3684
1955 2255
5451 4942
1671 6622
2334 4810
2217 3668
5044 2166
1577 7355
2606 966
1703 9849
285 4229
7330 4095
85 9015
5442 41
3403 251
262 3988
6706 1517
5407 7524
5206 7376
7624 357
5188 1053
1642 5772
7547 3742
689 2716
4650 9054
2719 2624
2016 2682
3354 7592
6764 4012
5291 9147
4299 4333
5327 5160
7018 755
4634 6563
2135 3148
3585 281
3692 892
902 1760
1903 26
2738 5027
1732 4415
2387 6735
3790 578
4195 5971
7480 2788
9368 7406
8126 8282
4137 243
5806 4993
534 7054
2149 2537
9783 802
4622 3234
4974 3038
4033 5237
3111 866
2621 1145
5539 2345
842 7486
6830 2606
2107 3898
4032 2034
8323 3331
9957 4097
3802 6965
8254 4367
6888 4030
6923 6766
516 2930
160 5397
631 1540
3155 5670
4331 3662
8891 5850
8143 2497
4779 5300
7071 2709
1472 5945
6484 7159
2794 4097
5467 7529
581 2465
4892 7628
4745 3103
3607 9247
2804 7218
1231 6629
8366 5633
4367 4754
856 2599
3498 6295
8092 9160
6177 8030
6548 3433
6260 7540
1790 3662
598 2098
9639 6567
266 5146
7861 5006
5358 3337
3899 1448
8897 8697
2285 654
1437 699
6212 8708
9563 6111
2872 289
5374 9074
1586 5906
10 7177
6267 6617
2687 2612
4793 3695
5748 1013
4640 5462
1476 1387
9841 6467
8666 9015
5068 2313
9451 3786
596 1785
466 6979
3400 1099
2031 7082
5551 1035
7535 6523
7493 2271
9381 7504
8996 1883
2737 3657
7880 2639
1818 2745
6786 2814
7965 4817
1352 4101
5300 3647
1805 6959
2421 985
7601 3218
1058 7948
3937 7982
4042 762
4001 3711
206 9842
4496 3538
1798 3460
5757 5555
6153 3985
8674 3052
3941 7809
5049 217
8828 2865
8341 6351
8007 9456
894 8941
2754 5158
7411 2449
2328 3474
5502 6253
8712 2736
3706 5050
9131 4130
7299 3537
8197 2950
7025 8549
5668 4321
4994 6889
426 152
5546 8726
7056 7982
8496 6685
5548 8191
8090 2648
4924 6502
6726 5027
3358 3248
7440 2487
2897 901
1307 9720
3569 1958
7267 8750
748 2640
341 7007
6303 1164
5082 2915
4719 3507
7789 2097
9907 1002
3576 7141
1499 927
2575 4267
2457 9885
6271 9639
5474 8364
3217 3715
3686 4552
3579 5193
4096 6726
7708 4153
4151 1485
7909 6631
5043 1305
4274 6935
8554 6668
1614 5888
7954 3573
7337 8164
3400 8325
4642 1794
3401 644
8899 2894
5374 5785
9543 9219
5850 9108
2445 9953
8468 7412
3537 9985
524 6151
3943 2769
4715 6926
3935 9038
6654 6544
7469 5718
3983 5064
8617 5382
2527 6230
405 205
8780 3992
621 5338
4678 376
736 771
3028 4380
482 8404
6754 8866
4648 895
3624 4246
5322 533
7868 3494
425 6797
1956 9107
4758 9820
4055 8591
554 6798
7253 6849
2771 8710
108 3161
2041 8872
1077 667
2173 8141
4471 7083
2155 3394
4971 9768
384 1984
7042 9303
4075 4208
6483 6190
2175 2627
9893 1930
5665 2480
2522 9619
5069 3010
6082 6919
8247 6850
1966 5049
390 2842
8108 5634
3216 6061
2248 8981
2138 5860
2357 1052
5241 4896
4428 387
1440 2587
8088 7382
5525 3816
4989 1740
9140 884
1384 4924
6407 8666
2378 9495
739 4063
5934 2063
2535 4345
3148 9135
6971 3897
6492 9997
1225 7246
8768 14
4429 2437
9697 6412
2863 8848
9124 2730
9533 3109
8976 7937
4582 158
3405 9118
7519 4323
5084 1564
1429 8056
5096 2823
2558 8761
9047 8487
3592 9387
7974 8214
3303 4462
2588 7646
4064 7614
3223 7992
9292 5097
9638 5935
2397 7831
5695 316
7905 5831
6557 1789
8730 5894
4483 1903
1609 9574
1796 2732
9563 5229
2601 5353
9558 5098
191 9378
2522 9823
4369 2058
7078 7381
9684 3585
1407 5903
4706 1594
6246 6572
7884 365
6460 8010
786 6796
3420 5188
3813 1474
6934 9661
1260 773
9348 7188
332 582
922 5771
6613 7830
9036 8966
9568 2922
9797 224
7949 8997
9659 5744
8704 3952
8332 2620
6421 1764
1693 6352
3288 1702
7862 8345
7985 1151
3032 4987
2749 6470
2906 102
4205 1982
5774 8643
3607 7126
7968 7873
3066 2310
6544 5635
578 4476
7880 6473
2206 8244
7964 8788
3228 7599
5870 1373
1921 8607
7425 4512
9033 8480
5571 7779
844 396
6519 9550
9277 1101
5912 4604
7829 4109
1518 3556
4884 4598
6411 3076
5467 3699
1893 2442
7902 8476
1066 2715
8326 1887
4975 336
7217 612
8707 1104
4780 5172
4130 4983
4326 5557
9527 9591
3957 7530
6640 3232
848 2332
1297 3819
8665 2688
1442 8742
8938 2450
6518 7219
260 7539
1965 1968
4314 5032
237 5742
3291 9324
1278 1134
973 4082
4123 9772
1126 9566
7210 5010
5253 2459
3712 6678
6362 1079
103 5008
3195 9794
5414 3263
7102 5234
7635 4966
2707 9142
2374 427
2377 4864
1837 1575
5502 4129
4061 1257
256 756
763 5021
9854 4984
3203 4228
1427 9184
7921 3900
8876 9377
9979 9055
7233 1540
2868 8103
7151 2922
7385 1174
8697 9003
101 8924
720 2283
8066 286
3584 3604
4144 9249
320 2893
6131 6713
8301 754
6492 581
7574 721
7141 4470
4223 8829
8706 2189
6104 9878
8251 3852
2970 9029
6947 2912
345 8911
925 5725
8620 4388
2811 850
1281 9061
3739 6877
3787 2573
2116 8357
9668 7154
8008 2076
4417 3379
8286 7482
7309 2294
9587 9137
8214 307
7803 385
3741 1862
6059 237
4611 5288
5252 7907
6361 3219
1041 7696
1074 43
8710 7071
579 2444
8103 5858
4191 7386
9638 9719
4416 4045
5799 5950
8768 4224
4075 8080
6473 4329
826 3330
9441 7647
8927 6454
4111 5044
7105 318
944 8803
6965 9725
9823 4630
9131 1411
6234 1465
7657 6929
7795 7978
6172 4560
8005 8197
185 4168
114 586
1247 5294
9460 9591
8716 4323
2651 7514
4106 6078
9314 8541
9272 3065
7218 3057
1171 9520
3650 4622
2507 2695
5884 7001
9217 8044
3950 3849
2767 9988
9297 4085
4622 2706
5570 2213
7685 3915
8104 9354
598 5634
4009 1442
1797 3013
9034 2053
7720 4036
5458 8977
4189 4754
1203 8882
8131 7204
1311 310
3375 9385
6555 9753
833 5360
2386 6547
9435 8306
6775 1904
5834 1593
2123 5912
5516 5093
7115 7813
1104 5395
9068 9235
4782 3615
2458 6313
6635 7884
7682 7568
9872 9204
520 2155
833 7465
8242 9992
8383 9430
8530 5366
8121 2358
4934 9858
2138 7628
8824 5298
9654 8879
7416 7677
5333 352
7876 2710
3419 6835
9070 7111
5653 5817
8736 8180
8271 7209
4940 2222
5441 6872
3902 6592
6779 4411
1334 4096
5918 5300
9238 660
6183 4854
502 8557
1904 401
8934 327
7435 1019
2909 2283
427 3219
8547 5577
3292 1610
6409 9750
5478 7855
8932 2913
8274 7615
3436 5095
3738 6947
3459 6310
9165 7877
3775 4548
8814 4524
6115 1789
7438 3850
2838 5442
874 885
2055 1654
4020 4262
2385 5168
3018 2626
6453 7512
4194 8852
6500 2694
983 2592
5120 7494
4801 3777
6158 4492
905 5529
4987 5577
3058 7420
8587 9122
5620 761
9855 7700
4175 6651
4366 7757
5836 1174
1089 2828
5052 2703
7631 8043
6334 4312
8469 8818

