4328
6887 1532
5130 254
9431 9369
7226 4071
8375 5854
7707 1540
3381 3683
5408 7913
5932 8591
3914 4811
5025 3167
7734 8364
7873 6534
9840 278
6011 531
1542 9930
9346 6220
2238 5031
6278 8670
390 7170
5937 3481
3692 7103
3231 4825
5696 1755
714 1528
2220 1327
8331 9488
4101 4305
2608 7749
5848 6545
3216 1705
9332 6971
3095 2257
8643 5568
3632 7241
4287 3886
9305 1505
9960 4899
455 6934
2187 9459
2555 6609
737 4494
1424 1854
3165 2414
610 5663
1216 7105
2648 5215
5825 7939
4477 5591
6872 4173
516 6160
1392 8002
2230 9368
1375 889
9247 561
7541 9534
2477 9005
9344 1360
5760 917
4229 195
2079 2271
206 80
5038 8282
2152 3667
455 8476
4661 707
271 7241
7329 430
4290 5990
1066 3590
4311 2368
3355 8423
9381 1657
3527 5714
9307 1067
8817 3778
7094 6526
4066 4809
4176 3471
9627 6263
8014 6160
3443 7744
5687 3934
3768 5960
7270 949
6293 3602
1897 6798
4056 1216
6779 8576
8184 6854
9525 3458
5747 5823
3055 8284
3869 3174
7061 4630
2033 3465
3673 3463
3386 3680
2573 8055
5672 1725
656 7288
4906 1698
766 5626
2555 6836
4581 6470
2581 940
2906 8439
7815 6848
8299 3992
3407 4315
5298 9811
1504 7761
871 4316
6781 287
9901 8404
213 9689
9953 1922
8860 4905
7211 6739
4706 6696
4333 4739
8669 3592
5983 511
2965 7793
7067 2059
2159 4785
6130 5160
4599 3858
5882 7893
8720 434
2837 4948
361 9967
9117 1301
7494 3894
3468 2526
9827 8017
9597 4409
5308 6327
1848 3338
2956 5730
5229 6330
3458 6674
8080 8507
5906 8175
5354 8387
7558 2204
2604 2410
6346 7212
7823 7538
2569 1997
8813 4885
7093 446
9420 9157
3738 7841
7049 1128
3267 4260
5729 83
4594 6076
4351 9273
7307 6860
1743 1063
3892 4559
7617 105
574 4165
4861 9276
8585 14
9012 9877
5378 9488
879 8559
8888 8015
4184 1995
7709 5228
7937 3361
1473 2985
5509 1420
2039 29
3307 4245
3736 6377
4434 4945
6139 4855
4957 5669
3711 8374
8497 909
2107 9276
6393 70
2440 4246
9956 3277
4381 7813
6641 7509
2424 16
237 6679
4680 9337
3460 2600
9112 1409
2721 7700
6900 9248
1518 6261
5399 488
9170 495
5265 278
3401 7689
7627 1872
7920 2924
7955 3984
5503 6863
6594 6501
675 6272
1280 6156
6783 364
8901 5531
3257 7620
1807 3372
4589 7881
4095 5212
6778 54
8525 3265
228 8922
6743 2624
1366 4081
8695 6654
5848 6743
3747 6407
8632 1933
9488 5317
1228 5400
9173 5068
9677 891
8041 2438
3926 9654
5950 1802
5118 2268
3362 9017
3953 4464
7519 6587
2997 7253
4047 8117
8084 8199
2993 558
7323 1562
377 1571
8130 6639
1769 7454
4198 9702
4359 2229
4449 7114
7297 5015
6446 5465
6926 9010
3115 380
7646 4305
2696 450
6378 9668
4212 8095
4853 2480
5757 4801
8460 5001
870 4646
3623 6433
2030 4650
4535 7500
7590 9631
2047 9745
5440 3590
3874 3637
3948 3080
596 9582
8985 9356
1324 5978
2970 4646
1890 7213
9307 7533
4641 3595
1558 1063
8707 388
8121 1272
9477 5185
6510 3258
7559 6563
1017 7829
7138 4691
2681 4863
7711 9245
8573 2403
6971 6841
4015 2233
3596 4324
6197 384
4913 1431
4576 9649
3033 4822
3417 9917
3324 9327
5436 2318
1533 6900
1163 2991
3233 1096
638 1591
8566 2854
8355 4404
2585 9599
4290 9300
2849 2517
3906 2578
8880 1086
9585 8396
6922 3916
8893 4773
6179 8345
8207 2431
9240 9816
2306 8341
8664 7172
4377 6468
4307 6989
2076 4210
4104 8564
9226 9667
9707 2304
4455 2149
1846 6379
2795 9593
6524 5127
1508 8800
3440 6509
1679 8063
9244 8901
3709 4694
9325 7548
8088 4160
7684 6533
8451 3444
2753 1747
8463 4442
8462 4778
2420 2125
4019 6106
6926 3918
9310 538
2119 6590
5099 2935
6474 4745
7189 8491
2491 3953
3019 5657
9618 3911
3624 3822
4357 9197
7278 6841
3300 9379
318 3651
6823 3920
9874 5905
4267 5433
7104 5271
2643 5884
1906 5416
7792 4779
559 5502
9864 6045
5935 7808
8672 8871
755 5769
8536 9733
5339 8453
3798 8727
5633 1535
8891 9865
5670 9834
196 6149
8416 7710
2647 2438
9820 7961
8566 45
4082 1270
7556 8532
4053 2443
3364 6577
5335 1768
9141 3546
706 9812
2786 4771
3664 4547
4936 1829
434 3012
7825 8147
8000 7479
5389 6543
586 1889
6502 7385
2660 4123
1224 5529
3945 7031
6955 6186
4246 5641
1899 6885
5827 1552
9682 2919
436 7686
9424 158
333 5861
1439 8878
1928 6908
3132 7946
5152 3911
6834 356
7449 8729
5128 1795
5843 4195
4461 924
9613 9867
802 9176
9216 3554
3828 5990
9823 9025
3902 1731
8900 9106
2119 5184
1494 8340
2470 1682
1174 7187
1933 5170
8595 5312
9809 1788
9069 1599
4346 7704
3163 220
9849 57
9483 1081
3705 100
5113 2678
7954 9343
3222 9413
4284 5975
3913 7947
1343 2372
2672 5398
5829 8159
4987 3512
4358 5639
1267 9380
6761 9386
5485 6487
4160 3588
1313 7673
4173 58
1395 3175
6675 8050
5011 1971
2685 327
1115 5596
3078 2045
3283 3061
5498 626
7357 8603
2853 3628
2142 3861
1422 4375
3652 4092
5033 5554
2611 911
7202 3969
3050 6707
4973 286
5043 3543
2681 9361
277 7528
8077 7178
9329 274
4539 7810
7926 3451
6906 8336
3171 4154
6590 4751
9130 2856
3313 1988
9876 8166
7907 2850
2052 7792
7824 4159
5605 1262
1841 354
9962 8512
6045 2060
6438 4883
4992 237
2494 6268
1212 3389
9371 4720
9915 2045
7833 7935
4273 5485
3332 394
2453 1196
5812 4282
2900 57
1224 6736
6341 4123
8439 5708
8378 9190
728 8885
6613 8192
4840 2090
2495 2624
8678 3968
7446 337
809 7666
6733 411
59 389
8279 2241
2552 6622
8277 176
7296 177
4488 6361
1631 2847
8331 1605
7719 8939
1930 5920
6679 5435
4466 7181
9476 4657
7180 8850
7660 9936
5203 8960
4583 5761
4099 7580
3856 7773
3355 5988
6129 3328
2261 945
7856 5068
9313 3069
1335 6023
7885 5532
5857 9534
9849 1409
3330 2528
3261 6548
2056 3390
5942 3975
1359 6278
3693 203
7797 2542
4832 260
3378 9842
5255 7052
3341 1253
723 1511
8523 9282
7629 130
575 2741
1244 3857
4678 1981
6695 1443
37 3385
6567 7859
802 4980
1504 3820
3629 513
4145 4365
1026 5684
4036 7366
280 2902
4433 8315
6649 1223
6194 2411
7346 5212
6349 5409
3380 8079
1352 9197
9518 2028
1685 4186
7143 7193
2642 8265
1397 9328
2066 5836
6709 754
7792 3368
2887 1293
653 9466
1193 2250
412 9559
9934 5806
51 3462
1065 8409
6723 6503
302 9590
7223 6373
728 8138
8204 1200
4246 9489
9176 6918
3961 8039
3523 9053
8010 797
4875 5234
5023 6403
741 2305
2244 6383
3537 2031
627 2689
8544 1467
6818 8743
9872 7093
2528 4215
9922 3549
6814 93
4815 6359
5798 7205
9580 1899
1872 1032
1460 617
1919 9611
2538 9045
2095 3403
61 9667
7242 9240
2198 8895
2755 4874
8662 9824
6702 8976
8884 2890
821 801
9596 805
2417 1341
6568 4050
6076 456
4445 5125
1835 4242
5902 8870
3603 7706
7287 657
2011 5978
9967 8964
4475 8991
2274 8875
4306 1107
6582 952
9804 8554
6607 4711
3854 8776
7102 9303
9563 647
8218 9550
5268 2583
1195 48
9852 1447
9619 5478
1178 3879
2057 5382
2826 2022
9796 1094
6798 5015
6699 1761
9114 625
6720 9643
660 6679
3378 2279
8299 3482
3460 3145
5678 5264
193 2777
4266 5465
9568 4373
418 8250
3442 2672
7084 1048
1988 7217
577 910
1316 4042
4919 7674
8099 6751
271 8423
6152 6408
3388 9110
7024 7531
3368 6278
3742 5539
675 7400
1451 3581
1236 5722
5908 9065
3870 7089
1893 6285
7319 4978
6129 1152
1362 5489
1966 6789
1468 6609
4325 468
5570 3983
3118 6387
9116 1212
1334 6392
3279 3909
7912 5866
1786 2506
3483 6280
1633 3884
1853 9915
6130 2476
2720 7471
9937 9703
8162 5041
4817 2883
5773 1621
2791 3207
6090 8302
2241 8936
4061 6633
5145 1933
5241 3123
5393 2926
8841 9557
5262 2498
1228 5543
8557 8720
7457 3829
3642 874
3917 8053
5166 3656
9336 6023
3509 1160
3344 3061
7822 4932
878 6741
3334 2301
3833 981
2586 2160
6781 3966
3108 5129
2296 8033
7332 6671
7875 1103
6116 9625
6512 8476
1388 3170
5262 7958
8597 359
9072 3754
7481 6994
1384 945
1662 2004
5873 4398
9414 981
3425 6267
2477 3688
9241 6681
3738 8111
1965 1575
8014 3225
6539 1974
7909 633
9956 5623
943 326
9532 8082
1396 3736
2403 3372
9989 1317
4445 2516
3104 8198
8520 5961
5262 7445
9216 3670
6417 7091
1343 5549
7364 5850
888 5805
1100 4487
1767 9565
5884 6474
6947 2267
4126 7020
9840 1195
4086 7025
1222 4486
1553 5908
6205 5849
6221 2911
2002 9009
838 9826
8326 589
4750 6483
7909 5915
1287 4728
1980 5855
7103 8266
2638 3494
628 941
496 9567
9352 4969
5774 2454
1573 7919
212 574
919 1400
3913 8862
6210 9551
8868 4256
7011 7412
4817 6204
7059 7542
8168 4369
6731 4952
5141 8131
3162 1076
8549 222
6113 7001
8371 1314
4778 4025
3174 7745
7628 2307
7851 3620
2148 3281
9380 3048
5270 1945
5971 7486
8252 466
7422 8890
8939 3436
1906 2999
3377 4692
860 9894
5471 3661
6571 3047
1495 3282
2723 1158
3527 5516
2246 6908
7660 6982
9451 3081
998 2674
6602 752
8965 5368
2140 2323
8172 9246
2709 2515
5132 7893
4631 7877
5363 770
1387 1421
487 9538
1634 873
1872 482
9715 6736
7009 7273
8933 2186
7906 4838
3858 8341
518 554
2326 2085
7602 4308
7392 1899
1487 6004
2814 5467
2352 2748
5808 3789
3051 5827
2443 1966
2782 4976
5206 5446
9751 2861
3720 567
7744 2468
8717 1297
866 7053
6047 7894
8842 2857
5860 409
934 7955
36 7479
9037 7119
6391 2653
1977 112
6200 1433
7430 6980
8485 3355
187 606
9115 3637
7650 5405
9125 1728
4487 788
2359 8046
8406 8168
6540 5044
8610 9785
5037 1397
8321 6991
4797 609
2929 6958
814 8933
6520 7607
2331 350
8069 5288
2916 509
6376 8852
5147 7933
8742 6737
1659 3063
5856 3314
6287 491
4865 3996
8165 6296
3491 6118
3009 1459
9788 3276
5565 4552
352 9009
3543 8635
3806 7662
1409 6748
9487 3040
7148 8787
4722 2011
4244 4826
1614 3371
3222 7435
8779 3701
6904 7665
2593 6469
7856 8390
376 5945
290 7590
8675 7350
7283 3737
935 3130
6181 1186
743 7698
511 8304
1292 802
5189 6772
7996 9610
2267 8324
9498 4219
9891 4664
7537 6736
4511 3582
9716 5545
1639 5650
7879 7235
4394 9098
6182 9705
5478 817
5578 4166
6568 6953
995 7612
9101 5731
3521 1784
4677 2972
2810 6371
7959 4366
8310 6212
6206 6951
3784 4405
4277 1692
3677 2262
1101 9731
5708 5062
2614 5744
8437 4289
8113 4538
195 4784
906 476
9750 9863
8359 368
8668 7418
4717 3697
779 9372
114 9226
1260 7570
8378 4829
6476 2726
3117 8423
4003 7705
7401 4369
6425 1742
9633 2926
8457 4717
5399 8037
1093 5144
5836 7745
8955 8323
4623 6064
4438 3932
4756 7494
2678 3225
9955 2567
4424 4145
2034 9179
7366 6703
8471 8262
8642 5552
53 9038
1492 9200
1857 4306
5933 3769
1056 6598
65 8955
1722 1428
3318 9737
3916 7777
2997 2055
931 5559
6576 3379
1309 4647
547 6561
1794 2844
6796 3682
5130 9618
3371 3791
1148 2061
953 5959
2294 8069
5729 7859
6159 6118
3067 1601
7643 8685
6352 4988
4005 2290
5343 6216
1073 9329
4321 722
6486 594
1172 2042
4807 2217
6106 6595
1651 7853
5504 4055
5030 4108
1224 2661
6911 7863
5514 9598
7966 2999
6801 915
8304 8394
4425 2515
4226 1157
6107 8202
4674 5044
5469 8875
8589 3722
2410 7075
4494 9043
4081 6086
1185 4521
6534 4838
3947 2745
8564 3815
3636 8652
4606 1758
8099 9232
2832 905
1279 3443
635 4779
5866 7045
1189 8774
332 761
1667 2397
9835 5780
8881 5215
499 9196
3060 5225
3755 722
366 7606
7051 9641
4263 1196
5559 2259
7553 1748
1445 7259
80 576
2814 1044
165 2683
2669 900
4718 868
1694 1522
2468 807
2913 561
2883 2492
1732 3773
9363 8828
9792 9884
3477 3062
7199 7801
9333 5742
2918 7121
5334 4701
7253 2581
2881 4200
5145 1366
6694 1654
8658 6572
3 1466
5078 8428
860 4174
9994 6075
4679 6736
8146 7520
8512 3467
2555 1893
7760 56
862 3339
3449 2960
4267 1234
4142 3287
8847 8376
638 2549
4449 8526
8542 6178
967 4447
5489 5145
7954 2632
2091 1487
4663 6387
9959 5926
6224 4378
2741 3035
5676 5473
9324 2335
4604 2425
524 5656
8998 9509
5388 4612
6925 6889
5814 6448
7252 1231
5728 2519
7108 2790
9713 4675
4209 2601
4386 6707
6566 9187
388 1245
4588 3512
4798 767
5459 6039
4002 5683
3830 3498
7049 358
5208 6365
4212 9314
7749 5938
3179 5264
3539 6615
1635 7470
4645 4243
4516 223
8873 3136
5988 3454
4028 6409
7808 3761
524 7351
88 7041
9074 9593
7715 1679
7649 5641
1445 6734
8788 2247
8884 7017
5894 2372
3491 6332
4015 4241
7366 9933
3760 6183
7057 5369
1701 6581
7124 7371
7867 8985
1324 1179
7388 3847
4832 1061
7443 5730
3930 3019
2093 758
6235 790
8127 250
305 6651
2212 9426
5982 3371
1459 3961
3430 4560
2213 3467
2371 1398
9680 3141
1005 8479
2041 6258
7509 3328
7041 7714
7842 3051
6843 6777
4012 7765
1565 3699
9664 7445
9292 827
2436 7001
3132 876
8608 8997
5050 4466
5335 6346
2830 8100
844 6231
4040 9001
242 8219
4090 9428
8407 6446
2308 789
9671 5054
1028 290
4210 7325
9386 4664
9698 2938
412 882
6323 7897
7097 9758
7180 7107
8300 26
9877 8574
9546 9749
5343 9453
241 8499
9479 1278
8856 6537
3919 2951
8286 3769
2505 4882
4063 205
6514 9216
283 2643
9516 2291
5410 4255
5275 660
2322 984
3345 2115
7668 8195
3385 4544
350 1903
8253 9345
6946 1085
9659 6566
8540 7735
6237 2870
9699 2483
7269 6347
6882 5528
6418 5232
3672 7086
7842 5960
5991 5644
9460 4727
5979 1318
9458 9800
1922 6681
6244 4374
5687 7719
7973 8248
16 2098
5294 9530
1990 8751
2217 204
3589 8719
9918 5061
1390 789
3688 6697
1658 9625
6644 796
2712 4628
8522 6357
2042 384
6338 3424
7865 6136
9966 9327
2231 9143
8947 1686
2086 4666
9333 3694
6229 8329
9670 132
850 1353
1283 6479
9497 6852
2916 6148
7557 364
9949 795
5588 3552
1879 7747
2074 983
1596 9928
7502 4140
9819 5251
1152 7293
2782 6763
8357 7183
471 3025
5463 5009
8538 7536
967 5972
4697 9975
3574 3188
2465 6516
3464 8431
6034 2090
8770 9630
3702 9367
6023 1095
152 9042
9566 8921
3527 2566
5167 262
635 1539
8521 7485
8755 3484
665 52
5443 6216
9330 9177
507 5102
12 573
9222 4358
8899 9558
3572 3305
1488 5141
3018 3636
6924 5536
2553 1711
231 1554
6141 5013
9719 5436
416 9335
2083 1554
882 6799
6435 3369
6615 8494
4579 39
272 7345
5654 2465
311 8476
8807 9116
4779 126
876 9796
7197 1502
5758 526
5989 5679
2952 8548
1379 1728
5978 8560
159 8032
4177 3308
9066 508
8058 2482
3360 2953
3993 3590
4941 1294
4697 3433
1084 6815
8080 107
4238 202
6979 4445
5516 3612
9551 6513
3761 126
1740 2748
4619 7984
2482 899
2640 1747
5365 3358
3020 7855
1723 436
3963 1863
4206 1660
6714 5811
495 7975
7235 8735
2887 6267
7503 1748
9567 9336
378 8389
1752 6636
8926 7969
7847 6385
1958 2167
2231 8744
1388 374
7517 9115
383 541
4468 3917
5197 2545
2623 7699
1613 5175
9584 8341
5156 6585
7432 2957
1163 3510
998 3064
140 6640
4620 6117
1570 5644
6454 2095
892 9976
4145 3521
9979 33
3915 6944
8658 3560
5061 157
3862 4710
5996 5123
5021 5973
2472 5406
670 2079
9388 3025
7028 6662
4337 3168
6531 7385
7313 1785
2487 1773
9463 1848
8295 5119
7278 2657
7593 4697
9627 2505
348 7978
2753 5700
8104 5312
8740 9314
6956 6414
6796 3614
1449 8073
5319 7525
9772 3799
3021 7306
8833 1456
5477 9709
6235 2639
7868 6257
1650 1051
9035 9841
2358 1727
2764 9658
3819 1083
3048 2384
7607 7834
6960 3135
2313 703
7113 6096
7648 2212
4200 9382
9378 9664
591 5408
4006 5957
4597 8199
196 7758
841 4207
7690 6227
434 139
6276 3205
21 4496
941 4919
7539 8736
2914 4889
3271 2803
18 2787
1432 2934
6519 9334
5749 8588
5129 9162
3112 944
9601 5012
9206 5114
5515 9324
3116 2801
3693 8820
4674 3479
273 3425
76 6146
797 594
3708 3495
4832 5539
8351 5166
7786 2757
2122 7579
2163 8540
4743 2216
9447 94
7095 9934
3306 6136
4300 3190
2061 6863
4756 3045
4762 1973
3669 417
1468 9746
4075 8124
6154 2886
7502 9660
5901 5582
5593 4073
5489 17
1681 3907
233 5773
7563 471
5953 1193
4857 9944
9878 6756
7065 8521
5247 1889
6252 1982
1492 1476
585 6671
7685 2460
5457 5243
2431 9329
521 9319
5856 4909
5795 2199
4362 1295
4461 1498
9509 1353
8272 1300
8103 5538
272 8895
540 9310
3876 4626
3204 520
8085 6862
4256 9162
5725 7472
2445 4684
9244 8964
1738 996
6156 378
1491 1355
9845 4701
4855 9517
7152 100
1873 5783
1762 3750
3199 2529
3109 7068
3630 7359
7515 5152
8434 1759
6980 635
2803 3324
7013 3149
4076 9343
9762 7694
8899 9259
3560 8598
2589 1975
2686 6526
87 6003
1586 1362
2114 8366
8240 7235
666 4203
808 9399
2906 6385
2137 7937
5397 2195
3696 6300
8119 909
4246 7326
5236 8988
340 1476
3422 7471
8586 747
5776 5975
757 9287
4086 6949
1783 6475
4159 5793
7259 5417
6829 1805
3998 385
7212 7710
7118 2218
583 5994
5845 3681
5755 5506
8800 8893
2087 8791
7466 7723
5582 6362
1753 1199
3693 1060
466 7489
66 3668
7948 7273
7944 6596
7828 6113
279 5226
4994 2854
8981 3655
2255 3986
9275 8905
5506 4170
9938 7356
2935 4207
8896 5306
7447 9171
6142 6186
8674 6115
1949 5421
3065 5885
7493 3272
468 1760
5488 5399
5786 9871
5117 7388
2188 6356
8650 3095
6057 3947
5183 9961
6964 2355
2432 9724
8700 5784
4440 8978
683 7646
4625 6666
5333 871
7624 8553
2550 1694
9852 7590
4364 2432
1864 9635
3357 5519
3830 1143
6057 1278
1482 2932
8149 8191
3220 4191
4508 2895
7093 2273
6885 6542
3244 3828
4516 5444
7062 3568
182 5643
9108 9461
4514 7459
9971 2015
6122 3889
767 2152
8851 1186
7621 8830
712 1525
6158 8977
1488 2789
7676 7003
3529 1385
2288 2477
9991 710
2483 6777
6022 3685
5534 499
9782 9404
501 3982
3708 1162
1947 5998
2827 9226
9978 8909
5996 593
8616 5159
8886 6454
5453 5803
1668 2305
8839 8902
8226 4157
210 6892
1050 6146
8539 3863
5648 5700
7102 9966
8623 4047
6437 9040
4601 8864
3071 5615
5012 1705
9904 6633
4404 9702
5817 9967
1065 7536
3169 4348
5682 2271
3409 9907
796 3088
191 140
3678 9588
1299 880
6282 306
1396 332
9298 2071
8576 2304
3089 4243
26 13
803 4903
6700 6604
1536 860
1306 905
6894 4312
1518 7968
3553 6009
7314 5173
3302 5202
9554 1467
2523 5382
3988 9142
5285 1258
1409 653
5917 1911
9920 5763
5452 81
2097 1932
757 5375
9810 373
5027 3376
7352 5020
1464 3007
9457 8809
3293 2057
7081 4827
3853 2944
8482 8627
843 5493
9931 965
6783 4178
9829 8824
6796 9714
726 1392
4732 4975
7069 9191
7513 2230
1634 4954
99 8877
6943 9415
5339 4476
3874 9265
5862 7806
1348 417
8127 6859
8769 433
5604 8698
7720 5944
1291 7151
3965 2462
4720 1921
6887 1533
8842 9565
9280 6623
9402 3796
1710 66
2722 2616
3170 2990
2107 213
3069 6116
1889 20
4297 5868
5067 6412
4852 2574
2562 7626
3467 1467
8301 571
9420 8360
3717 3726
1877 141
4421 6531
8624 5336
8767 9421
7412 4348
9686 6082
1394 1820
2654 8954
9381 8420
247 2140
2385 3572
8806 5322
3092 3919
2269 6514
196 5724
1790 4502
4996 3160
2507 5833
9247 8114
5450 6563
9353 928
2792 719
6861 8
7693 2830
8420 5306
2510 2331
2514 9935
6119 6900
4848 642
3505 9594
3312 6899
1877 7432
5371 4852
9495 1966
4598 3200
4379 4548
7014 3326
9563 5810
413 6114
7171 7789
1728 951
9392 2847
8817 5226
6601 3681
7785 8627
8425 7609
9409 4536
7839 5995
5869 8440
2119 9640
7931 1069
980 7755
1292 309
480 3816
9351 4061
5638 4859
4406 5564
8426 3879
2102 5404
7710 707
3780 5569
921 1567
4537 9370
5298 1021
8702 5177
7025 4357
9426 1431
9189 426
7693 168
5434 259
6712 4933
1180 5014
4774 9306
7417 4448
317 9957
222 3595
4013 3164
5511 7303
5582 2880
8714 3757
2589 3234
4778 3900
860 2437
6056 9108
9190 1326
5784 8203
2013 8056
7473 303
96 5062
3038 4497
503 4580
9916 5804
6682 5433
3776 2403
7329 6936
2807 9678
9348 2166
5900 9766
6163 9246
3314 8313
325 9207
2618 4543
892 63
5337 9665
7428 7956
3333 5226
8894 5586
1860 6125
7067 3080
9281 1401
8529 1160
3295 6102
8944 6270
9052 6225
3225 4761
6723 8041
4980 129
3055 6925
2763 3688
1785 4962
9120 4840
9496 3794
8911 7117
7051 7041
5167 4037
4411 6967
8062 2858
1448 1638
6179 9097
939 2162
2717 7762
6823 7369
9633 5252
5177 3335
7117 5510
5468 1271
8101 5523
8783 9264
3028 7338
8377 9813
3564 6978
690 2500
3587 9052
958 6464
3710 6856
4251 881
5929 2637
6516 5379
5370 776
4269 8858
274 9289
729 1239
4426 4054
4860 2195
203 7191
477 1903
9244 8455
7803 3012
232 4524
8530 376
7385 7460
6677 7540
2165 866
6146 9976
1030 2013
5272 5318
2962 6801
9774 6028
7310 226
6188 4556
8569 9719
6473 9611
4822 336
1350 2505
5737 2511
2420 4470
989 1413
3064 151
8039 2464
7486 7822
4165 7554
938 4086
4948 587
7526 3839
3971 5843
2268 9910
4694 8496
1568 3963
7534 2347
1863 2811
6999 3066
3748 2401
3926 8630
7182 6601
6654 5001
2160 3172
4973 5066
3286 5708
134 7788
5461 9491
9971 9924
9130 5845
4879 5804
6109 6243
1609 4395
2606 1159
8817 1300
9345 7692
9197 1283
8602 8243
7843 5742
629 3003
4185 3526
7275 7612
8258 8444
7747 2543
2680 8394
5392 4559
8119 5537
1489 7395
1305 1992
9357 5384
7475 5773
9263 699
5570 745
3008 5071
9506 7621
5742 1798
6179 6416
7653 7458
8250 3370
2288 9596
671 4486
3165 2542
5821 8535
9590 2383
8550 760
3582 686
105 9028
4785 6546
4542 1574
2539 8676
5205 2299
1535 7599
755 8797
3710 6679
4174 6710
5243 5907
2108 1363
31 4638
7797 7269
9274 9550
5403 9538
927 2972
4098 9867
2881 7187
847 4568
3837 6655
3481 5844
5628 5959
1421 9718
6280 9515
2293 3965
1727 6955
2454 2596
1949 548
8898 3884
4223 8280
5752 228
3412 3980
5011 4513
5146 9920
8032 9641
170 8225
5383 1182
2351 3796
4574 5279
3891 5485
8554 3191
3349 6976
3239 4218
3663 25
1840 7899
1863 2630
6223 9587
2310 350
1448 4418
487 7033
8262 5123
1132 9112
1535 6337
2815 481
423 7233
6804 8976
5255 9723
2402 9439
5123 4065
4598 4713
4069 5840
457 4121
2636 5086
2557 2653
1433 6115
2022 7533
5509 8436
7814 881
990 3546
7144 5856
8047 8518
8543 1690
6397 5707
1788 2997
1392 5961
5482 7348
6663 9386
7920 2756
2693 4074
8619 1494
5203 2438
5441 4234
2397 630
5092 1150
476 1360
3954 5654
7714 117
2548 9896
2525 4865
8736 430
9152 1673
8469 2443
8527 2183
1731 8850
1510 881
8197 7031
5881 7849
7750 1067
4770 9010
6934 5776
3747 600
7777 781
831 3785
726 8252
7758 2028
7174 6557
4821 2843
2616 7986
6400 22
7305 5721
5039 5813
553 5522
9931 1354
8755 9521
85 1584
1209 3281
966 6148
1038 779
3552 8308
519 7220
6786 2179
7034 3743
6106 8784
99 9300
8257 4781
468 7047
6136 691
5619 4235
9283 865
2762 6585
8218 4883
7456 8259
5032 6706
8007 2810
6550 3602
8947 7255
6834 8635
9610 9925
770 3449
9329 6107
8318 5836
4450 6107
848 6042
7708 8637
1551 8303
144 628
7458 4795
2264 123
5929 2675
6188 1669
4247 9131
9915 921
2933 6983
4828 3739
7806 1686
1612 152
4184 5716
3696 5918
4662 4079
8084 3740
2595 7755
1292 7646
9051 5984
9082 7084
5415 558
3002 9537
5808 7732
7511 6388
2838 975
8333 6921
3241 9815
3217 6848
3092 6056
8364 4342
2355 484
4102 176
8523 2439
1594 3248
7070 4817
8175 9797
7256 9750
4398 3705
7987 1135
1635 2344
8009 4577
9802 9014
3569 6151
1464 2147
1724 7995
6481 3820
7201 6831
9606 6757
9577 5501
1841 7070
471 3097
860 2331
5250 8255
895 7059
815 5681
9107 9179
7908 4493
6604 2945
2199 4436
9513 9128
7334 3955
2241 7552
3415 8934
6027 6323
4659 8497
6202 2882
1284 3397
3764 83
4960 8754
7777 3594
5282 9659
6828 1610
6112 4838
9519 2960
9357 3294
8722 1554
5052 4859
2249 8335
7151 1850
8606 6615
9698 7881
9418 3325
5800 7000
1392 3527
5539 3724
5964 1086
4109 6929
3370 9346
9348 8289
4344 2691
5079 9112
3845 8326
6859 6403
7572 2231
9190 9797
970 1236
5827 3163
1423 3760
1937 9961
210 4113
7159 7019
9812 3928
3975 5015
8172 1087
5160 9653
2126 3455
8255 238
9813 3996
4803 1740
3765 58
6214 1591
4173 8158
935 172
6821 3304
8672 3318
7790 9646
12 9256
7858 8934
2949 4746
4133 2812
9045 8671
6379 7960
2252 6994
4826 8164
8337 1246
6139 9773
2805 5339
5057 2487
4841 1360
5485 8864
4611 2952
35 6402
3836 37
6598 1445
2428 9380
1320 3161
6139 5998
3232 6442
4921 7170
270 444
5267 6073
9120 8860
1500 1913
8483 2687
3021 9663
2146 2917
2827 791
9718 9297
3221 6879
8873 6853
8232 1858
5072 4880
1036 2591
6343 6532
5609 7763
1453 9117
4477 936
9731 8595
7770 3013
790 980
8833 2927
2481 8690
6736 7822
8809 2296
1208 887
3135 1419
5972 2610
1433 4426
2545 2384
4796 445
4221 4033
7237 9250
3000 9541
7357 4216
1362 5731
6220 641
9049 2092
6134 5035
8400 4702
1153 4012
8736 1472
2229 942
5196 2949
6769 8598
1648 4571
4780 1001
1235 5287
416 5484
3697 6084
8104 6175
3522 7824
9590 3427
1591 6314
5485 3140
6030 594
7793 4514
7907 6303
1566 9776
1223 3944
8892 6344
3483 4576
5956 4386
1544 2298
6216 157
4016 5003
7539 9277
5075 5206
8538 8278
8095 6098
9085 6641
7303 613
7739 1535
4228 368
2719 991
131 5340
9691 9154
131 151
5696 7269
9036 4634
5205 4214
1002 1905
2726 8683
5903 2014
916 6984
973 8481
6653 1061
3020 2704
2806 2135
9097 5799
2896 4771
6826 2666
6058 6788
8038 3097
6386 9694
8702 9080
4615 166
8831 6202
1967 8347
9082 1024
4149 8204
6465 8354
4147 9676
9860 3077
4103 2425
5975 2974
8735 3955
1682 8139
4756 1688
9522 4943
9555 9714
2920 2704
7993 2270
6534 3273
8942 7677
4653 6027
2535 4437
3549 3712
7296 4336
2733 3155
8406 8092
964 9648
8390 2997
5291 4156
2371 6160
7518 2840
1235 8200
2972 4680
3182 6750
1808 8679
1235 4935
8412 9472
2679 9184
5318 6137
2173 2197
3868 7267
8440 6818
2911 6492
6996 7010
8850 5122
6598 2868
9064 4584
5026 7435
236 22
4940 4030
1649 101
4815 8611
5475 4586
8487 421
3523 3058
3761 5974
1753 8558
8987 3739
5374 492
302 6116
6287 624
8297 3814
7878 646
9439 2645
9017 2837
4118 8130
5537 595
954 9821
2427 9510
3317 6456
25 5768
6199 3728
5188 7420
388 9687
1961 2505
7559 1918
3503 9173
3859 4615
9417 1974
9285 2834
9422 3706
1730 5596
8786 696
7197 5209
850 7886
2432 5823
2801 3710
9605 3328
3567 3672
8741 9680
4175 2502
3889 820
590 2478
5676 7045
4046 8376
5224 2787
4938 427
2696 4975
5772 9563
2560 7059
9035 7936
7912 4810
8165 6227
1464 6477
3019 7023
5787 8222
942 6355
7608 5733
3993 5272
2984 153
844 469
6334 8439
8166 4262
903 2751
4282 6823
7919 3350
9927 5220
2760 6003
5368 3454
7405 4017
8875 3542
8336 5553
5373 1466
8989 5496
2827 7154
6719 1647
5798 5429
5344 1394
2130 4144
5004 7243
9295 1927
3117 9436
8853 2634
3314 1945
9603 2760
9618 5516
9106 4547
4358 6535
4811 6610
5144 2659
6265 5359
8796 9152
4786 4589
7638 7712
7164 853
7593 8016
9536 9429
5716 4866
9049 2283
8798 4895
446 7180
7855 2052
5847 861
4908 1904
737 7996
522 2067
8793 5053
3745 1860
1565 8331
947 1334
8134 3381
8538 9354
611 5023
3691 9059
8387 3714
1436 1704
5795 694
6205 9908
4551 1351
9434 2807
4809 4458
4717 6204
5451 2169
6101 3001
6746 9522
1635 2067
3860 7678
9618 9322
1558 977
2400 7848
4029 952
1893 9358
8065 3019
2564 3537
1186 4599
9137 6620
2001 6740
7613 7756
7817 6702
7293 1428
1110 8205
5404 2740
8050 2538
6895 468
7852 3946
431 5704
2913 1126
8917 5890
3697 8659
8015 1681
3310 6661
4829 3055
4782 4674
3208 8330
5027 4092
3192 7355
9035 6252
6313 8437
7253 5955
3623 3302
3771 7465
525 3880
8342 163
5497 4508
51 7577
2915 6476
8641 7747
5719 2310
3336 2917
298 5875
6302 6656
1965 5325
2927 2815
9729 5102
2114 4269
3139 5319
4100 7697
9432 7947
3153 5966
4179 8158
4173 8850
9955 1116
627 1394
474 6724
511 3702
4430 3918
9272 6604
5898 1976
3862 772
2542 7448
790 2074
8379 5220
3548 4591
6103 9526
7155 5134
7114 4564
1703 7787
553 7792
3586 341
4741 5071
3458 8755
73 5517
3855 7499
1709 1195
2122 9140
3858 1908
8521 9768
7717 3791
5377 707
5511 5999
4462 5640
3237 3295
4578 6510
7821 5545
5868 8028
9976 5014
7369 8787
1789 5786
6364 2289
5495 9600
8449 7975
4541 3357
9094 1017
8198 8492
3416 8524
9372 3005
4521 6533
2198 8293
320 616
530 6146
6172 2642
8048 8284
7866 1989
8003 217
8060 5577
3425 8156
5536 1401
1934 6313
5476 5849
9740 9429
1465 4300
4447 5986
5760 8083
9353 3692
6939 3156
6072 5539
7934 198
6085 7490
857 4665
1102 4270
9202 3467
9268 4601
7578 9067
8627 2963
937 5029
830 1523
1945 1756
4794 149
9025 7359
1059 9547
8167 1168
3713 8828
9173 9667
3898 9902
518 2785
9185 4290
1552 4453
4950 4868
4300 6392
3655 5353
9159 7549
6470 5098
1596 4784
4409 3759
5475 3101
8840 3749
7608 8980
8092 4303
4803 6931
7817 4915
6986 347
3969 6366
3641 9055
3555 441
1948 7808
8662 4638
4041 6027
4553 6449
5563 3426
1924 1351
2928 9305
7279 1459
9281 4966
283 2119
3541 8186
6249 7922
5169 1840
9241 6724
6925 645
117 2881
2212 3033
8370 4500
7767 6223
3243 4056
294 3675
5288 6988
9784 3394
1545 8492
5137 1390
2846 5159
8201 5205
6835 8884
7051 5270
1124 2423
8042 9025
6392 6455
380 3087
7193 9041
6676 602
3236 844
492 2359
9614 3761
8717 7311
7159 1827
7767 9936
478 3626
3822 3774
5454 5513
8425 6084
8551 3665
2370 5831
5704 1232
8228 8612
330 1952
3302 3023
8087 4835
47 2323
5176 1115
3134 1102
1213 4212
6437 4936
9440 6100
1664 2788
3505 1575
3780 6272
2482 3501
3125 1242
985 4148
9497 5585
1040 2308
6815 6260
5344 1431
169 5401
3607 17
698 6418
4796 9819
9253 3448
1914 2530
2087 3300
9585 4430
8414 8669
8053 6126
7176 6782
2992 2541
5525 4783
7659 4933
3938 1301
1771 1018
8843 709
8561 5370
1073 6335
9247 8559
4104 6531
8479 3981
3418 3723
2128 6792
4958 4778
8637 6823
85 2337
9610 3708
5453 3706
6320 9139
4243 7339
8102 1676
5137 2976
4147 1231
2324 4167
8106 291
2841 3561
5989 6565
8693 7759
80 3039
4980 5866
8255 4578
6500 8770
4391 7059
9633 9225
1755 794
3802 5485
1011 8854
4366 4006
9752 6915
7373 9567
5203 9521
5069 539
2034 4750
8270 2433
4246 3253
6534 6423
8151 1589
6285 3321
2838 2657
8943 9883
7358 5870
5091 420
2935 3926
550 1844
6260 5778
4955 9554
7471 9431
7998 2255
1931 5007
728 1501
1118 6132
5533 763
3636 9265
6222 1197
564 8519
2559 4971
8833 2347
9845 3443
8585 8399
542 597
9483 6471
9249 5339
1462 2226
3917 8773
9204 6836
1281 6205
5626 9107
3056 6959
9890 5263
3911 1009
2573 7488
6087 5540
3948 5292
4467 1423
2903 415
8378 3107
8905 6403
375 8682
2999 6439
8504 6223
7613 5805
4704 9574
5422 7091
1306 4164
5608 5750
5898 6006
6675 4590
6072 5989
1748 7195
2517 2710
9687 9389
7513 8500
8108 1578
7592 4865
3512 1547
4181 3529
5723 5716
8029 3359
8863 9486
2005 1394
8297 5451
2266 1510
1311 8994
3298 1405
806 9951
5694 3870
7886 9207
3037 6323
2704 8939
2769 6349
2371 9046
4933 7686
740 9984
4532 3635
6554 8167
3670 8069
3951 6252
5656 8838
4038 9879
7876 5213
4956 1504
1663 8892
5944 2529
3669 6
3725 6828
6162 6032
1782 4848
8023 8960
9619 2670
9372 3323
913 654
2509 7361
8152 8148
9755 7635
3968 306
8204 6087
5424 7671
8080 2806
5191 7202
5512 801
4352 8984
905 4711
4029 6422
2826 3193
1677 8441
3056 508
6367 7742
9940 8203
4462 6559
5924 3500
5911 7992
3618 1710
6196 7797
8151 761
4432 3296
993 8013
1972 7119
5449 3053
6636 8993
7634 6736
9180 5945
7986 247
4017 9746
5324 532
404 6906
2890 5373
9780 266
9513 2389
1187 8573
9125 7644
4224 2053
3179 1598
4215 2078
4289 1482
5886 9690
4468 4488
7358 3804
902 840
7635 4356
9365 1411
5327 9832
6315 8030
8402 9081
5159 6195
1916 6883
9876 767
5663 295
4884 6487
2912 6781
9362 2489
9078 235
1303 9126
6969 3137
2367 5069
4784 8555
6971 3708
3522 230
263 9920
6361 23
4989 6255
1485 8551
4766 1300
9812 8586
7738 1788
1510 792
2299 739
3553 7749
6312 4034
2864 2233
8786 7283
841 5959
8872 4359
6408 3378
4963 8578
313 4108
1794 9366
7373 3831
7367 8766
1440 6707
1846 2159
9472 3174
6314 7469
6693 4319
3654 6146
9812 1517
2956 358
8756 8855
1217 2441
2915 796
5894 5997
868 7081
9152 2514
8106 5397
5530 612
1910 7349
9080 7549
1379 4719
1653 3427
4119 7231
1699 1741
8382 6596
1842 2033
9934 7028
3289 3608
7863 2091
292 5680
1860 6395
7980 6874
4835 9526
7978 9697
9363 650
6826 8506
1632 9863
9913 7206
6371 256
6703 1848
5926 3380
5966 7399
477 9361
2470 2390
6360 8698
362 2680
9502 2795
3766 4273
8306 8012
7913 6230
72 3375
9237 7487
6410 2654
6958 9121
8787 2859
3403 485
9697 9555
3733 6005
4806 1724
1184 7582
451 461
5899 5713
6940 8674
6142 873
812 889
1776 8235
7878 9559
6889 4953
8726 502
1831 1984
8735 3282
304 8955
9434 8270
7462 1504
9305 4675
8776 597
9759 948
2519 3572
960 8556
1035 8245
3125 375
4216 405
205 1733
5491 6078
3695 749
6558 3292
2939 3089
6980 8996
7823 8102
926 1068
6398 2381
5360 6317
157 4467
1158 290
776 9461
9424 8142
8788 2349
1459 9189
1801 6786
5949 8734
3304 2217
5390 658
7386 2150
7609 7653
9096 6149
7184 7405
769 1585
6714 4535
3431 684
2356 1958
5879 1356
2991 8406
7465 9142
9451 4790
1496 9112
2079 7964
4760 376
4034 2372
376 2248
1808 3231
595 2376
1878 6538
9836 285
7119 614
6659 942
5561 8677
7907 9733
3906 1664
7996 4363
6770 750
8503 9731
2877 6151
5521 9481
8522 1038
7394 9754
6678 6586
4384 930
2356 4642
4904 5600
3641 2332
8907 7435
5815 148
7037 7469
7121 2927
6202 8615
7867 1307
936 8124
5601 6805
701 2535
9503 6237
3765 868
3949 5170
3901 3223
8431 4460
6625 3436
1420 2811
4195 7363
3432 3783
5365 4115
2920 2306
4916 4964
3691 5461
7277 2575
3134 3665
9411 1965
1551 457
4176 4711
6663 7391
202 4841
1708 7771
1845 8952
9243 1857
6933 9960
2078 6608
23 5651
66 1935
9386 7123
868 8184
3692 4406
5898 6724
9610 6747
8058 5698
3710 2319
6711 243
2177 1510
4035 7701
1590 7230
6060 7219
4461 269
3539 9143
7479 7452
2264 8490
8258 895
2848 5089
1888 8874
1568 5783
5268 2936
3423 9253
2511 6305
3573 1355
9657 7417
3855 89
5940 8783
8881 9058
6139 2296
6171 9226
9680 5853
3294 1856
4079 8688
2057 3379
3995 8009
3633 1156
3938 6599
7704 4557
4489 7507
3376 6796
7644 7228
5586 6590
5012 1769
3987 440
106 5615
2988 8990
9123 5774
9839 633
3064 8365
2947 609
9930 1492
7856 4532
2718 6001
4566 6176
8764 1720
4065 5902
3053 5883
8126 9639
2041 1611
6277 5012
716 1989
7925 9225
5786 5661
28 9592
4319 3364
4109 8019
4191 765
8070 2603
1352 4916
2519 3652
5769 8521
6632 9424
6280 2501
4111 948
2003 7088
7901 7100
3872 8020
9950 7825
3205 6881
3216 2129
2500 4930
759 4330
2103 4741
6823 4647
1671 9253
8307 4360
3636 8262
4655 9979
9388 6784
8082 9833
9728 5455
7355 1477
8957 3645
4842 9860
9454 2262
2932 4115
3760 4755
3608 1917
1102 7348
1169 2030
8039 9743
9566 2578
9393 3522
9265 1867
774 214
1693 5628
4326 5891
713 5607
9382 5159
5143 9809
7866 4499
213 872
1131 5182
8262 4266
3005 6625
7195 8623
4551 801
4149 8843
7711 3079
7091 8956
9659 4729
7464 9563
3331 1120
1916 6162
5120 9706
7596 811
5156 9204
156 8348
9079 9951
1770 2081
4622 9553
922 7014
5298 2306
5799 1230
1540 3087
102 2142
5485 371
1159 4165
3977 21
6387 7069
4163 6877
9210 140
4481 1141
6396 7905
5174 1677
2649 6645
7078 864
8489 5152
4870 5543
6441 6763
7501 5828
5586 5278
9503 5000
4799 5771
8994 7879
3764 9184
3282 4907
1065 1615
3525 9596
6252 5668
7876 7618
4690 8462
2437 981
6123 9601
2109 8303
2862 8642
7837 1903
4451 4952
3417 2839
4327 8549
9695 5876
4519 3025
3548 1115
9814 6493
6131 750
7406 3584
5614 4532
1837 2536
924 6749
2773 1792
8482 986
8638 7424
1991 5690
1655 3686
9376 5865
6290 9446
64 595
4138 5338
8971 4020
6297 8990
352 3530
5091 947
3847 9351
815 9135
3989 3975
7403 1053
8155 9038
1994 596
6480 1171
4312 6679
911 8320
2456 3765
497 5709
6562 3642
5175 5720
5287 7767
287 2602
21 4259
7239 8777
9897 97
8816 2163
9707 4681
5469 9130
8290 8416
9975 6519
1830 6669
5354 7207
267 9749
5214 4118
5125 3489
5255 5474
7024 4455
1896 2620
3909 9748
8530 8977
7500 9923
5017 145
5710 7306
3566 9100
6365 223
4000 1236
6501 4451
3645 5802
1574 7661
6113 3185
9170 1724
8390 1318
1840 5120
3846 6466
8540 4018
2658 5147
4099 5766
7473 4245
4810 6417
7909 313
1738 936
6516 4654
6599 5982
6169 4612
2567 1042
9901 4927
7083 6734
7398 2761
6651 191
8469 2615
9152 4228
8675 1903
3652 3548
5364 3356
1138 5415
1748 2330
7081 1787
3795 4074
8271 5288
6285 6467
2606 406
2066 3004
8214 7490
6117 2955
6938 4198
4588 7583
5644 4609
3300 8393
9455 4977
7178 5321
7280 9440
8783 1380
6257 7290
8360 1092
452 2668
1737 1993
6314 7840
1562 5948
139 3909
2797 8685
7451 3335
3256 6962
8235 9206
1653 7776
8192 9674
6078 5445
4011 2415
7985 2226
4722 2240
4019 7516
4430 7827
3538 6628
4368 7824
4445 8825
5415 2769
705 6954
1674 5524
2368 3876
9271 4968
1429 718
9557 9354
8950 1758
4960 9049
4928 564
7538 3329
3258 5824
429 9482
1275 5148
9494 2453
7952 1792
5346 7313
4039 7544
2577 2794
3882 1448
3075 7875
1660 3959
557 7555
8207 4070
8864 6179
3165 3670
9936 3253
4445 7634
2056 2048
4293 2070
6279 8725
6822 7171
1686 9428
5106 811
6106 2838
3330 5218
6357 285
5372 326
4493 8810
3250 2948
8454 8255
3107 1574
5749 1013
9788 4511
674 2801
7942 8936
6609 8884
7753 2884
6992 9584
5731 3423
6974 7072
549 2260
496 9953
2283 418
6784 8964
1532 6732
216 5929
1158 2316
193 2639
9683 2457
9689 7326
4907 5010
7524 6429
7954 4825
7298 9091
7733 3246
5359 7482
7721 9297
7729 4206
3586 2806
4382 1772
844 1613
2093 8252
7495 5533
7082 9014
3295 4423
7737 3769
8164 5455
2675 5561
852 9701
119 2199
1233 8492
7783 6064
6369 9516
5314 3889
6863 6126
962 8903
8849 182
7360 264
3528 4911
9754 3059
1569 1905
5907 7563
477 9482
692 2030
1255 2451
1754 244
2683 5704
9255 2472
2065 1497
7813 7693
1803 9131
4965 1725
6751 2290
5670 2359
4719 4420
4837 1928
7491 4028
5342 7345
4563 1859
5699 9404
802 3398
10 8440
7622 4610
9670 298
7670 4798
5562 8533
9717 988
4319 5730
7525 7957
5126 7397
64 4128
3679 7405
3650 6140
1876 9295
1705 767
7021 8542
4210 7685
3205 6890
493 5825
6366 3052
7283 3485
8466 6805
6587 6036
2315 1078
4251 338
3412 1504
7965 6046
7352 8151
6521 4279
6305 5020
280 3569
367 45
2692 4421
6422 5648
6129 8629
8803 993
8169 1162
8927 1089
8405 7321
8719 9439
1596 5734
4558 8626
7890 7057
4861 5674
3613 9729
6976 3761
8144 6302
6209 682
442 4665
6277 4367
4780 1393
532 8796
315 3957
2256 3773
1273 785
3642 8902
8863 4598
1052 8627
4723 1633
2073 6138
5088 8062
3718 9995
4081 8632
8924 2271
2335 4409
9133 3603
9887 6891
3046 2370
2350 5934
4082 8533
9824 9322
5315 2441
9014 955
6851 6107
1452 5937
2180 5809
5929 3580
105 2255
3883 7494
9062 8260
5444 7018
3710 3905
2202 2277
4397 5665
4102 5439
1648 5262
4892 9322
7108 4967
4372 2848
7095 3024
7405 2142
5819 9875
845 4340
3355 6600
3683 8427
233 4176
5244 8721
5829 2272
78 1188
2745 2951
387 2022
2835 4621
6135 2235
6240 5651
1813 7248
9300 9049
2511 4925
1304 1574
5985 3508
8135 6980
8655 7351
6811 3743
5109 2936
1658 5599
4811 3736
9282 3386
4346 9166
4901 957
1250 8007
156 8035
3487 2403
6187 1976
7511 1284
2110 8577
3683 3685
5642 9933
2379 8674
9744 7797
7919 5672
8981 4795
8143 2201
3843 7448
3641 5604
4669 3873
3080 1149
3591 7539
2595 9029
6527 4847
7822 7840
275 8243
7127 5944
5704 7794
4850 23
5853 4154
2159 21
909 20
1135 6513
6497 237
7644 7727
2817 2513
5070 3733
7576 7229
9369 6740
4466 3147
281 1605
6294 9504
7124 3102
6120 4530
5832 467
8419 1665
6796 3204
2021 5985
7330 5222
6792 4357
6239 9833
8377 3905
2335 4411
6817 9557
3286 4558
8524 6441
8075 3351
9041 8917
2487 4165
1844 4403
8873 5895
1201 3871
9153 1427
9538 3679
4630 6619
4328 1919
4537 9766
4843 8986
3282 8083
7772 6542
2728 6494
384 9310
6325 3884
801 6720
3279 1745
7722 6290
2808 1057
1439 7461
7728 7461
8367 1258
4151 6172
239 7063
102 6464
7804 8483
2528 5777
7278 2849
2363 6390
9233 5818
2963 3650
9116 2479
1286 2733
508 1797
7123 9498
9187 5258
6586 6227
6433 263
6604 5162
7151 5094
1108 5252
7364 864
3009 7376
4347 8120
9359 7624
2106 1054
993 8002
9458 7780
2670 3778
8114 277
7323 9066
1322 7389
1310 6750
9438 1419
5314 6492
2556 1023
1853 3380
5003 8431
4914 7746
3052 2921
9553 938
9246 9981
6582 7401
7190 1647
8304 9867
8343 4529
8246 2914
5366 5291
4733 5563
5843 1028
1399 2562
99 8714
1524 7234
9529 5598
3420 9661
3247 3367
5639 4403
4257 3998
3441 3843
6800 4883
4658 942
6060 1348
2619 9633
7670 4289
6842 161
1033 7573
8299 2330
6048 6850
9693 1551
8591 8032
113 6497
6397 7123
2407 3059
7887 3308
6450 375
4280 8368
7008 8379
5868 3713
8906 1222
6941 6612
810 5461
7336 438
4405 8409
9494 147
5877 3645
4651 6194
6954 1894
6315 3375
1363 2294
8551 368
8734 9036
4144 3056
7882 2027
4496 1395
8272 6493
2408 8704
2927 3356
9020 7879
4691 6650
8270 3129
4469 7551
6293 4592
5271 3433
3015 2306
7797 6034
5865 4760
3371 5752
6344 6938
5263 7791
584 2763
5853 8240
4915 778
840 2634
8062 5768
8219 9344
7664 4754
9464 4931
857 8690
3119 6539
9369 9128
6122 1610
5873 722
4291 9941
4938 2063
1240 1295
8622 495
1010 8157
4743 1193
8944 3283
5056 3353
6459 1568
8742 2009
5797 2351
1688 7090
560 8459
5664 9418
9793 3116
1802 6159
5026 5090
1588 884
2463 7879
4573 5220
8313 2535
6107 381
8372 5432
4397 6758
1658 5121
5902 3768
3101 8458
9588 3709
6249 1069
634 7506
3178 2334
163 3633
5933 1794
9237 3936
2572 4248
2333 5781
4930 1694
5881 2565
5346 5228
9050 7811
2380 4280
7557 1525
7494 3035
3975 4969
7668 8670
7912 8858
790 9505
6617 593
152 1886
9959 1102
1968 9568
1524 6072
6489 60
7648 9746
7924 9417
2859 5585
1037 2186
6103 6042
2960 9366
6818 8816
1281 9193
6734 1415
5476 9015
5696 4708
3551 3897
9134 8518
8903 7087
7988 8513
3721 6797
1408 3909
1646 9576
9209 6325
5173 1070
5549 847
2608 2643
2827 9142
8257 4699
4648 3152
4946 8048
9293 1906
5970 7603
3213 5074
5543 2806
191 4229
7187 2426
1251 2880
7859 9871
9505 4017
9129 8561
1380 2164
8521 4542
7607 9679
3678 6270
3614 4412
1336 6655
6381 5686
3989 9357
1975 3827
1541 734
8788 5874
5407 4738
8512 2203
9031 6655
686 250
6588 4789
3025 6365
5721 964
995 5555
924 611
4741 4686
9833 844
290 6005
7175 4422
5310 7818
4899 9940
9013 4805
760 296
1957 6843
3147 4059
2704 1511
2939 9661
2846 5562
369 9341
5541 4664
5844 5664
6635 430
2082 7958
4884 9851
1073 1318
7929 4095
537 2694
4498 5976
4277 7587
6891 3229
2514 6249
1926 2856
8129 5835
6564 4934
8628 8140
9932 4357
6120 4762
2694 7281
6887 3908
5711 519
599 2688
7341 204
2102 4023
72 412
6932 247
2814 1755
478 2738
2628 9490
4216 6084
1827 9507
4720 7353
372 2985
7584 7000
8413 1768
6094 8031
1119 4238
3101 132
5339 4098
9384 605
5166 7712
7288 8585
2301 9200
9186 1060
434 2524
2816 3150
2976 613
9069 6493
289 9822
6986 6420
6451 8313
1616 3066
4883 1532
7814 1458
8549 4844
5737 4181
1694 8076
8351 2352
9426 6913
8649 5287
7292 7995
3776 8583
3443 864
2800 7487
2629 7796
8764 913
4998 6135
2224 159
9901 9685
8528 1817
2955 6399
4890 1511
8670 1848
6766 5262
7930 5838
2375 4944
4611 8705
858 2970
9256 1181
1174 5659
7226 3655
9450 7759
6013 7126
6926 4250
5750 1043
1107 2699
1376 491
8153 7332
327 3950
5273 661
6939 635
3322 4428
1393 743
7855 6224
5021 5844
1033 4880
4662 4554
436 8204
5857 8049
5648 1487
8145 4930
8393 2037
1503 6941
8418 483
545 7947
7221 5977
8247 1175
2278 9766
7562 2591
8292 2400
1065 2582
4488 6359
2833 126
1703 4261
757 6067
1233 4122
1302 6559
2158 8371
6911 5486
1238 547
9733 2486
617 37
7454 5158
7665 5996
5189 9102
4502 6231
563 8384
2888 4077
2611 8581
3170 2394
1953 7294
2630 8581
8848 2155
3411 5296
5321 1966
8380 7250
4230 8355
853 2134
3718 8894
7620 9305
3313 1412
8728 6844
7326 3372
3559 6294
5684 3070
3141 2942
8162 8640
5277 3758
6913 1103
9375 9063
575 755
6161 5348
9823 583
3242 9927
7022 7075
6437 3507
1811 6864
1128 2112
3673 9359
6042 165
6559 6276
9107 1984
5984 4479
4229 5599
4989 612
1791 7108
9073 698
3508 4538
4070 2681
4501 623
9457 6961
9722 6042
484 3662
2437 6005
9043 9595
742 1470
1491 2205
266 1229
2663 3741
3197 6832
2494 9381
3489 4712
9734 3220
4094 603
2770 4131
4275 9567
7422 236
1412 854
2991 188
5701 1444
774 8636
3414 1173
4834 3448
46 7018
7064 4106
684 2381
9135 8400
2506 9827
2073 8138
444 623
6564 6239
7172 5440
8512 1933
3469 3477
3607 9876
6109 2463
9901 7365
8018 6864
7477 7969
841 4250
9489 6495
3015 2267
6437 4057
9474 4573
6147 5927
2560 7634
7439 6573
1221 6247
9968 4976
3657 4512
3052 9413
3358 3771
6849 9922
8305 5398
1801 6153
485 422
1366 1293
1969 151
3798 3047
8536 6826
4343 258
7658 5910
7028 242
7374 5599
6083 3749
668 1371
9936 2936
9978 1904
4155 4880
2129 9140
9685 9020
652 7803
1188 1053
215 6648
2105 2485
8375 4404
1349 195
9905 874
5421 9432
9719 9638
9448 2090
3411 4515
7666 4130
1078 468
7624 6543
1900 4922
8945 5545
7263 862
4481 1230
9080 7088
3842 3639
636 4845
4093 5218
6323 7618
1866 3798
6733 8553
8665 7365
6161 6204
2455 1945
2317 6658
2557 8690
3829 5435
7502 5924
4668 8550
6777 6339
929 3577
8924 291
2804 9613
4566 610
8551 6788
6594 3672
9664 2754
9734 1534
1411 1719
9295 237
7020 9459
5738 4748
1438 135
8788 1971
6052 851
8742 8069

