50
50
-5 -14 -23 -32 -41 -50 -59 -68 -77 -86 -95 -104 -113 -122 -131 -140 -149 -158 -167 -176 -185 -194 -203 -212 -221 -230 -239 -248 -257 -266 -275 -284 -293 -302 -311 -320 -329 -338 -347 -356 -365 -374 -383 -392 -401 -410 -419 -428 -437 -446 
-1 -10 -19 -28 -37 -46 -55 -64 -73 -82 -91 -100 -109 -118 -127 -136 -145 -154 -163 -172 -181 -190 -199 -208 -217 -226 -235 -244 -253 -262 -271 -280 -289 -298 -307 -316 -325 -334 -343 -352 -361 -370 -379 -388 -397 -406 -415 -424 -433 -442 
3 -6 -15 -24 -33 -42 -51 -60 -69 -78 -87 -96 -105 -114 -123 -132 -141 -150 -159 -168 -177 -186 -195 -204 -213 -222 -231 -240 -249 -258 -267 -276 -285 -294 -303 -312 -321 -330 -339 -348 -357 -366 -375 -384 -393 -402 -411 -420 -429 -438 
7 -2 -11 -20 -29 -38 -47 -56 -65 -74 -83 -92 -101 -110 -119 -128 -137 -146 -155 -164 -173 -182 -191 -200 -209 -218 -227 -236 -245 -254 -263 -272 -281 -290 -299 -308 -317 -326 -335 -344 -353 -362 -371 -380 -389 -398 -407 -416 -425 -434 
11 2 -7 -16 -25 -34 -43 -52 -61 -70 -79 -88 -97 -106 -115 -124 -133 -142 -151 -160 -169 -178 -187 -196 -205 -214 -223 -232 -241 -250 -259 -268 -277 -286 -295 -304 -313 -322 -331 -340 -349 -358 -367 -376 -385 -394 -403 -412 -421 -430 
15 6 -3 -12 -21 -30 -39 -48 -57 -66 -75 -84 -93 -102 -111 -120 -129 -138 -147 -156 -165 -174 -183 -192 -201 -210 -219 -228 -237 -246 -255 -264 -273 -282 -291 -300 -309 -318 -327 -336 -345 -354 -363 -372 -381 -390 -399 -408 -417 -426 
19 10 1 -8 -17 -26 -35 -44 -53 -62 -71 -80 -89 -98 -107 -116 -125 -134 -143 -152 -161 -170 -179 -188 -197 -206 -215 -224 -233 -242 -251 -260 -269 -278 -287 -296 -305 -314 -323 -332 -341 -350 -359 -368 -377 -386 -395 -404 -413 -422 
23 14 5 -4 -13 -22 -31 -40 -49 -58 -67 -76 -85 -94 -103 -112 -121 -130 -139 -148 -157 -166 -175 -184 -193 -202 -211 -220 -229 -238 -247 -256 -265 -274 -283 -292 -301 -310 -319 -328 -337 -346 -355 -364 -373 -382 -391 -400 -409 -418 
27 18 9 0 -9 -18 -27 -36 -45 -54 -63 -72 -81 -90 -99 -108 -117 -126 -135 -144 -153 -162 -171 -180 -189 -198 -207 -216 -225 -234 -243 -252 -261 -270 -279 -288 -297 -306 -315 -324 -333 -342 -351 -360 -369 -378 -387 -396 -405 -414 
31 22 13 4 -5 -14 -23 -32 -41 -50 -59 -68 -77 -86 -95 -104 -113 -122 -131 -140 -149 -158 -167 -176 -185 -194 -203 -212 -221 -230 -239 -248 -257 -266 -275 -284 -293 -302 -311 -320 -329 -338 -347 -356 -365 -374 -383 -392 -401 -410 
35 26 17 8 -1 -10 -19 -28 -37 -46 -55 -64 -73 -82 -91 -100 -109 -118 -127 -136 -145 -154 -163 -172 -181 -190 -199 -208 -217 -226 -235 -244 -253 -262 -271 -280 -289 -298 -307 -316 -325 -334 -343 -352 -361 -370 -379 -388 -397 -406 
39 30 21 12 3 -6 -15 -24 -33 -42 -51 -60 -69 -78 -87 -96 -105 -114 -123 -132 -141 -150 -159 -168 -177 -186 -195 -204 -213 -222 -231 -240 -249 -258 -267 -276 -285 -294 -303 -312 -321 -330 -339 -348 -357 -366 -375 -384 -393 -402 
43 34 25 16 7 -2 -11 -20 -29 -38 -47 -56 -65 -74 -83 -92 -101 -110 -119 -128 -137 -146 -155 -164 -173 -182 -191 -200 -209 -218 -227 -236 -245 -254 -263 -272 -281 -290 -299 -308 -317 -326 -335 -344 -353 -362 -371 -380 -389 -398 
47 38 29 20 11 2 -7 -16 -25 -34 -43 -52 -61 -70 -79 -88 -97 -106 -115 -124 -133 -142 -151 -160 -169 -178 -187 -196 -205 -214 -223 -232 -241 -250 -259 -268 -277 -286 -295 -304 -313 -322 -331 -340 -349 -358 -367 -376 -385 -394 
51 42 33 24 15 6 -3 -12 -21 -30 -39 -48 -57 -66 -75 -84 -93 -102 -111 -120 -129 -138 -147 -156 -165 -174 -183 -192 -201 -210 -219 -228 -237 -246 -255 -264 -273 -282 -291 -300 -309 -318 -327 -336 -345 -354 -363 -372 -381 -390 
55 46 37 28 19 10 1 -8 -17 -26 -35 -44 -53 -62 -71 -80 -89 -98 -107 -116 -125 -134 -143 -152 -161 -170 -179 -188 -197 -206 -215 -224 -233 -242 -251 -260 -269 -278 -287 -296 -305 -314 -323 -332 -341 -350 -359 -368 -377 -386 
59 50 41 32 23 14 5 -4 -13 -22 -31 -40 -49 -58 -67 -76 -85 -94 -103 -112 -121 -130 -139 -148 -157 -166 -175 -184 -193 -202 -211 -220 -229 -238 -247 -256 -265 -274 -283 -292 -301 -310 -319 -328 -337 -346 -355 -364 -373 -382 
63 54 45 36 27 18 9 0 -9 -18 -27 -36 -45 -54 -63 -72 -81 -90 -99 -108 -117 -126 -135 -144 -153 -162 -171 -180 -189 -198 -207 -216 -225 -234 -243 -252 -261 -270 -279 -288 -297 -306 -315 -324 -333 -342 -351 -360 -369 -378 
67 58 49 40 31 22 13 4 -5 -14 -23 -32 -41 -50 -59 -68 -77 -86 -95 -104 -113 -122 -131 -140 -149 -158 -167 -176 -185 -194 -203 -212 -221 -230 -239 -248 -257 -266 -275 -284 -293 -302 -311 -320 -329 -338 -347 -356 -365 -374 
71 62 53 44 35 26 17 8 -1 -10 -19 -28 -37 -46 -55 -64 -73 -82 -91 -100 -109 -118 -127 -136 -145 -154 -163 -172 -181 -190 -199 -208 -217 -226 -235 -244 -253 -262 -271 -280 -289 -298 -307 -316 -325 -334 -343 -352 -361 -370 
75 66 57 48 39 30 21 12 3 -6 -15 -24 -33 -42 -51 -60 -69 -78 -87 -96 -105 -114 -123 -132 -141 -150 -159 -168 -177 -186 -195 -204 -213 -222 -231 -240 -249 -258 -267 -276 -285 -294 -303 -312 -321 -330 -339 -348 -357 -366 
79 70 61 52 43 34 25 16 7 -2 -11 -20 -29 -38 -47 -56 -65 -74 -83 -92 -101 -110 -119 -128 -137 -146 -155 -164 -173 -182 -191 -200 -209 -218 -227 -236 -245 -254 -263 -272 -281 -290 -299 -308 -317 -326 -335 -344 -353 -362 
83 74 65 56 47 38 29 20 11 2 -7 -16 -25 -34 -43 -52 -61 -70 -79 -88 -97 -106 -115 -124 -133 -142 -151 -160 -169 -178 -187 -196 -205 -214 -223 -232 -241 -250 -259 -268 -277 -286 -295 -304 -313 -322 -331 -340 -349 -358 
87 78 69 60 51 42 33 24 15 6 -3 -12 -21 -30 -39 -48 -57 -66 -75 -84 -93 -102 -111 -120 -129 -138 -147 -156 -165 -174 -183 -192 -201 -210 -219 -228 -237 -246 -255 -264 -273 -282 -291 -300 -309 -318 -327 -336 -345 -354 
91 82 73 64 55 46 37 28 19 10 1 -8 -17 -26 -35 -44 -53 -62 -71 -80 -89 -98 -107 -116 -125 -134 -143 -152 -161 -170 -179 -188 -197 -206 -215 -224 -233 -242 -251 -260 -269 -278 -287 -296 -305 -314 -323 -332 -341 -350 
95 86 77 68 59 50 41 32 23 14 5 -4 -13 -22 -31 -40 -49 -58 -67 -76 -85 -94 -103 -112 -121 -130 -139 -148 -157 -166 -175 -184 -193 -202 -211 -220 -229 -238 -247 -256 -265 -274 -283 -292 -301 -310 -319 -328 -337 -346 
99 90 81 72 63 54 45 36 27 18 9 0 -9 -18 -27 -36 -45 -54 -63 -72 -81 -90 -99 -108 -117 -126 -135 -144 -153 -162 -171 -180 -189 -198 -207 -216 -225 -234 -243 -252 -261 -270 -279 -288 -297 -306 -315 -324 -333 -342 
103 94 85 76 67 58 49 40 31 22 13 4 -5 -14 -23 -32 -41 -50 -59 -68 -77 -86 -95 -104 -113 -122 -131 -140 -149 -158 -167 -176 -185 -194 -203 -212 -221 -230 -239 -248 -257 -266 -275 -284 -293 -302 -311 -320 -329 -338 
107 98 89 80 71 62 53 44 35 26 17 8 -1 -10 -19 -28 -37 -46 -55 -64 -73 -82 -91 -100 -109 -118 -127 -136 -145 -154 -163 -172 -181 -190 -199 -208 -217 -226 -235 -244 -253 -262 -271 -280 -289 -298 -307 -316 -325 -334 
111 102 93 84 75 66 57 48 39 30 21 12 3 -6 -15 -24 -33 -42 -51 -60 -69 -78 -87 -96 -105 -114 -123 -132 -141 -150 -159 -168 -177 -186 -195 -204 -213 -222 -231 -240 -249 -258 -267 -276 -285 -294 -303 -312 -321 -330 
115 106 97 88 79 70 61 52 43 34 25 16 7 -2 -11 -20 -29 -38 -47 -56 -65 -74 -83 -92 -101 -110 -119 -128 -137 -146 -155 -164 -173 -182 -191 -200 -209 -218 -227 -236 -245 -254 -263 -272 -281 -290 -299 -308 -317 -326 
119 110 101 92 83 74 65 56 47 38 29 20 11 2 -7 -16 -25 -34 -43 -52 -61 -70 -79 -88 -97 -106 -115 -124 -133 -142 -151 -160 -169 -178 -187 -196 -205 -214 -223 -232 -241 -250 -259 -268 -277 -286 -295 -304 -313 -322 
123 114 105 96 87 78 69 60 51 42 33 24 15 6 -3 -12 -21 -30 -39 -48 -57 -66 -75 -84 -93 -102 -111 -120 -129 -138 -147 -156 -165 -174 -183 -192 -201 -210 -219 -228 -237 -246 -255 -264 -273 -282 -291 -300 -309 -318 
127 118 109 100 91 82 73 64 55 46 37 28 19 10 1 -8 -17 -26 -35 -44 -53 -62 -71 -80 -89 -98 -107 -116 -125 -134 -143 -152 -161 -170 -179 -188 -197 -206 -215 -224 -233 -242 -251 -260 -269 -278 -287 -296 -305 -314 
131 122 113 104 95 86 77 68 59 50 41 32 23 14 5 -4 -13 -22 -31 -40 -49 -58 -67 -76 -85 -94 -103 -112 -121 -130 -139 -148 -157 -166 -175 -184 -193 -202 -211 -220 -229 -238 -247 -256 -265 -274 -283 -292 -301 -310 
135 126 117 108 99 90 81 72 63 54 45 36 27 18 9 0 -9 -18 -27 -36 -45 -54 -63 -72 -81 -90 -99 -108 -117 -126 -135 -144 -153 -162 -171 -180 -189 -198 -207 -216 -225 -234 -243 -252 -261 -270 -279 -288 -297 -306 
139 130 121 112 103 94 85 76 67 58 49 40 31 22 13 4 -5 -14 -23 -32 -41 -50 -59 -68 -77 -86 -95 -104 -113 -122 -131 -140 -149 -158 -167 -176 -185 -194 -203 -212 -221 -230 -239 -248 -257 -266 -275 -284 -293 -302 
143 134 125 116 107 98 89 80 71 62 53 44 35 26 17 8 -1 -10 -19 -28 -37 -46 -55 -64 -73 -82 -91 -100 -109 -118 -127 -136 -145 -154 -163 -172 -181 -190 -199 -208 -217 -226 -235 -244 -253 -262 -271 -280 -289 -298 
147 138 129 120 111 102 93 84 75 66 57 48 39 30 21 12 3 -6 -15 -24 -33 -42 -51 -60 -69 -78 -87 -96 -105 -114 -123 -132 -141 -150 -159 -168 -177 -186 -195 -204 -213 -222 -231 -240 -249 -258 -267 -276 -285 -294 
151 142 133 124 115 106 97 88 79 70 61 52 43 34 25 16 7 -2 -11 -20 -29 -38 -47 -56 -65 -74 -83 -92 -101 -110 -119 -128 -137 -146 -155 -164 -173 -182 -191 -200 -209 -218 -227 -236 -245 -254 -263 -272 -281 -290 
155 146 137 128 119 110 101 92 83 74 65 56 47 38 29 20 11 2 -7 -16 -25 -34 -43 -52 -61 -70 -79 -88 -97 -106 -115 -124 -133 -142 -151 -160 -169 -178 -187 -196 -205 -214 -223 -232 -241 -250 -259 -268 -277 -286 
159 150 141 132 123 114 105 96 87 78 69 60 51 42 33 24 15 6 -3 -12 -21 -30 -39 -48 -57 -66 -75 -84 -93 -102 -111 -120 -129 -138 -147 -156 -165 -174 -183 -192 -201 -210 -219 -228 -237 -246 -255 -264 -273 -282 
163 154 145 136 127 118 109 100 91 82 73 64 55 46 37 28 19 10 1 -8 -17 -26 -35 -44 -53 -62 -71 -80 -89 -98 -107 -116 -125 -134 -143 -152 -161 -170 -179 -188 -197 -206 -215 -224 -233 -242 -251 -260 -269 -278 
167 158 149 140 131 122 113 104 95 86 77 68 59 50 41 32 23 14 5 -4 -13 -22 -31 -40 -49 -58 -67 -76 -85 -94 -103 -112 -121 -130 -139 -148 -157 -166 -175 -184 -193 -202 -211 -220 -229 -238 -247 -256 -265 -274 
171 162 153 144 135 126 117 108 99 90 81 72 63 54 45 36 27 18 9 0 -9 -18 -27 -36 -45 -54 -63 -72 -81 -90 -99 -108 -117 -126 -135 -144 -153 -162 -171 -180 -189 -198 -207 -216 -225 -234 -243 -252 -261 -270 
175 166 157 148 139 130 121 112 103 94 85 76 67 58 49 40 31 22 13 4 -5 -14 -23 -32 -41 -50 -59 -68 -77 -86 -95 -104 -113 -122 -131 -140 -149 -158 -167 -176 -185 -194 -203 -212 -221 -230 -239 -248 -257 -266 
179 170 161 152 143 134 125 116 107 98 89 80 71 62 53 44 35 26 17 8 -1 -10 -19 -28 -37 -46 -55 -64 -73 -82 -91 -100 -109 -118 -127 -136 -145 -154 -163 -172 -181 -190 -199 -208 -217 -226 -235 -244 -253 -262 
183 174 165 156 147 138 129 120 111 102 93 84 75 66 57 48 39 30 21 12 3 -6 -15 -24 -33 -42 -51 -60 -69 -78 -87 -96 -105 -114 -123 -132 -141 -150 -159 -168 -177 -186 -195 -204 -213 -222 -231 -240 -249 -258 
187 178 169 160 151 142 133 124 115 106 97 88 79 70 61 52 43 34 25 16 7 -2 -11 -20 -29 -38 -47 -56 -65 -74 -83 -92 -101 -110 -119 -128 -137 -146 -155 -164 -173 -182 -191 -200 -209 -218 -227 -236 -245 -254 
191 182 173 164 155 146 137 128 119 110 101 92 83 74 65 56 47 38 29 20 11 2 -7 -16 -25 -34 -43 -52 -61 -70 -79 -88 -97 -106 -115 -124 -133 -142 -151 -160 -169 -178 -187 -196 -205 -214 -223 -232 -241 -250 
