4000
1 2 38661
1 3 94330
1 4 97284
3 5 15870
4 6 10323
4 7 59776
6 8 13376
4 9 12485
3 10 59488
3 11 93641
2 12 74627
6 13 64123
7 14 64265
1 15 12095
3 16 71694
11 17 81659
13 18 9755
17 19 91578
4 20 91155
13 21 72005
5 22 45199
17 23 5921
17 24 58527
8 25 15211
25 26 65444
18 27 14534
18 28 35687
4 29 17473
14 30 17194
9 31 72398
23 32 74021
20 33 54471
23 34 53208
11 35 76027
6 36 99441
18 37 36535
25 38 86234
21 39 15535
9 40 48402
40 41 34571
20 42 94853
27 43 4742
17 44 72889
21 45 41927
7 46 64329
44 47 47304
42 48 86182
24 49 76871
37 50 32690
30 51 79119
51 52 48604
1 53 80213
27 54 1656
3 55 80239
55 56 34097
35 57 83003
20 58 52201
33 59 25193
14 60 60097
12 61 63521
51 62 69007
43 63 58926
7 64 70436
35 65 70552
13 66 62434
65 67 52680
50 68 21226
60 69 19574
69 70 90293
45 71 79629
70 72 95133
23 73 55563
26 74 66211
35 75 25463
65 76 46001
64 77 4399
74 78 42883
34 79 20400
15 80 57812
41 81 59655
42 82 38325
52 83 50642
16 84 87581
54 85 41537
66 86 64855
20 87 70131
8 88 50755
59 89 20723
54 90 56164
27 91 687
90 92 46927
50 93 61951
40 94 75458
46 95 99390
13 96 77848
37 97 25696
28 98 77883
77 99 14796
23 100 9230
21 101 67894
92 102 82349
59 103 60013
22 104 18468
80 105 53965
25 106 76237
51 107 66452
45 108 32152
104 109 60559
109 110 76543
24 111 65936
37 112 11732
79 113 88793
101 114 14030
108 115 1387
56 116 31025
80 117 18856
3 118 56360
78 119 24255
72 120 20137
69 121 79066
53 122 482
48 123 27094
48 124 82857
123 125 76149
35 126 86757
73 127 56829
5 128 47466
14 129 88013
18 130 89321
91 131 88093
61 132 82283
122 133 96177
13 134 66067
77 135 9273
96 136 42681
5 137 59575
64 138 66850
93 139 296
113 140 7471
89 141 6248
78 142 39962
41 143 1098
32 144 34079
63 145 9195
70 146 99164
49 147 27707
147 148 5401
78 149 60154
53 150 93217
43 151 32142
20 152 41724
65 153 59890
75 154 37113
116 155 15328
100 156 32882
89 157 58695
44 158 83929
102 159 82073
104 160 46772
86 161 58817
158 162 60291
75 163 36251
14 164 85792
144 165 89605
149 166 66999
30 167 24775
47 168 87613
35 169 48058
136 170 16596
89 171 17360
101 172 30165
83 173 24620
165 174 63700
3 175 18885
41 176 60523
172 177 87719
68 178 96651
159 179 88639
85 180 98808
159 181 3296
153 182 87771
148 183 22564
74 184 13662
128 185 74825
121 186 24473
50 187 58810
146 188 91674
45 189 63474
163 190 86812
116 191 12916
1 192 32350
71 193 12018
122 194 6251
134 195 34758
175 196 6216
14 197 30155
35 198 67096
117 199 69393
178 200 83231
96 201 3159
70 202 95157
152 203 76985
178 204 51818
187 205 90796
142 206 26901
39 207 99091
127 208 31078
22 209 55329
207 210 43192
160 211 13897
44 212 33191
34 213 95880
1 214 87097
56 215 13738
196 216 85188
16 217 60558
95 218 93601
50 219 41224
77 220 29693
20 221 33501
210 222 183
54 223 86740
107 224 88253
163 225 59708
211 226 84032
139 227 95846
109 228 910
183 229 14271
135 230 2327
100 231 8932
44 232 52696
161 233 88092
176 234 92587
180 235 28079
144 236 18954
170 237 71341
210 238 46428
131 239 33762
233 240 2390
70 241 81513
165 242 57943
65 243 84143
84 244 4924
185 245 32026
119 246 39492
134 247 78673
75 248 88452
143 249 45402
9 250 66064
25 251 69327
211 252 51630
246 253 23688
245 254 601
99 255 1937
95 256 88882
243 257 28509
231 258 16012
229 259 66693
143 260 97488
60 261 4115
215 262 72379
37 263 72671
98 264 94570
62 265 72677
123 266 6705
32 267 57520
199 268 8417
17 269 5706
206 270 73048
18 271 25781
23 272 78748
187 273 87654
179 274 17974
124 275 48244
134 276 45367
57 277 63131
162 278 64770
98 279 56128
105 280 1792
15 281 47047
64 282 40292
4 283 28451
163 284 89060
172 285 11195
129 286 84901
209 287 73471
235 288 44750
118 289 65665
153 290 43331
151 291 14260
73 292 24187
67 293 39138
238 294 3876
14 295 93394
263 296 99038
94 297 12691
160 298 61153
16 299 40143
196 300 62770
245 301 77747
286 302 89583
33 303 1307
4 304 18319
66 305 439
154 306 69220
238 307 15580
11 308 13048
200 309 37881
262 310 55376
248 311 79121
116 312 93409
41 313 88449
23 314 11844
137 315 4912
164 316 65126
74 317 91612
44 318 31367
38 319 54753
162 320 23833
231 321 17768
248 322 9673
152 323 88360
238 324 58101
251 325 84021
152 326 64685
37 327 82047
119 328 13167
86 329 18024
326 330 95344
135 331 74774
66 332 73229
56 333 9709
257 334 71538
227 335 74708
183 336 83318
18 337 34730
128 338 25383
148 339 70417
27 340 60027
114 341 63234
301 342 74492
84 343 5713
57 344 11546
313 345 68655
44 346 27807
148 347 99051
220 348 50314
139 349 97731
241 350 5009
180 351 18765
59 352 95964
64 353 73216
319 354 95810
29 355 23230
123 356 89389
204 357 65164
80 358 59943
251 359 83700
226 360 46557
7 361 46109
55 362 67075
295 363 30978
170 364 90024
101 365 30775
214 366 30943
109 367 13802
79 368 19620
228 369 22383
238 370 35832
177 371 97350
237 372 40005
3 373 56946
178 374 43695
282 375 76545
266 376 55486
62 377 33055
340 378 17903
25 379 9736
14 380 76959
185 381 11140
304 382 22848
309 383 47160
280 384 96184
144 385 71181
255 386 91602
124 387 31225
75 388 3783
22 389 4678
339 390 10572
49 391 71541
49 392 75046
63 393 21102
153 394 50145
109 395 16474
57 396 91216
358 397 63645
290 398 74182
194 399 59667
103 400 75803
354 401 68307
271 402 65678
222 403 3455
183 404 93938
402 405 15717
287 406 44905
257 407 90289
378 408 37757
134 409 92259
235 410 68686
390 411 88526
41 412 48516
41 413 47515
137 414 18464
16 415 58268
124 416 39661
236 417 38932
117 418 96153
94 419 38754
158 420 80280
239 421 84256
336 422 22639
409 423 90011
311 424 85058
412 425 70168
10 426 19990
32 427 44390
320 428 87024
229 429 28316
382 430 34067
60 431 39903
53 432 24410
269 433 11839
151 434 71412
403 435 89096
377 436 57931
73 437 16636
237 438 26812
251 439 39142
89 440 77184
366 441 68237
219 442 46718
372 443 26529
273 444 78040
406 445 48543
195 446 61227
245 447 50939
351 448 42911
211 449 70054
338 450 88273
361 451 3029
351 452 17525
44 453 42450
133 454 92146
435 455 45688
15 456 32306
363 457 94930
289 458 71828
58 459 76209
457 460 3862
41 461 47146
167 462 90387
130 463 71456
365 464 60058
99 465 42106
61 466 40248
195 467 76386
170 468 96893
273 469 5144
193 470 835
416 471 43976
319 472 85754
235 473 77442
223 474 70653
273 475 59454
27 476 98655
23 477 96589
138 478 19169
28 479 11741
77 480 4845
217 481 30920
270 482 89771
9 483 29802
216 484 14180
105 485 80149
181 486 48962
435 487 17704
454 488 57189
243 489 44798
193 490 83555
362 491 98427
115 492 23991
104 493 39295
358 494 31836
126 495 2743
294 496 13463
126 497 4489
217 498 49880
234 499 11151
188 500 20027
353 501 54143
299 502 19265
110 503 35950
19 504 39312
409 505 5604
45 506 3852
191 507 50345
346 508 39494
396 509 47021
165 510 73638
37 511 9824
180 512 47247
411 513 36568
503 514 56744
481 515 4286
188 516 26065
233 517 65426
355 518 22871
148 519 87941
275 520 2146
169 521 9285
202 522 62483
138 523 35545
80 524 96594
230 525 42804
169 526 49509
427 527 69733
48 528 89
12 529 28038
358 530 10779
14 531 69679
359 532 18970
339 533 83163
443 534 85766
129 535 72009
368 536 58262
309 537 65678
439 538 91984
365 539 21533
396 540 81341
485 541 36449
243 542 90136
357 543 27130
40 544 58683
443 545 12088
481 546 2514
231 547 26470
63 548 31762
142 549 55280
261 550 25602
441 551 45987
163 552 99368
203 553 85935
280 554 48
60 555 35138
436 556 6955
35 557 8274
82 558 64520
7 559 67816
406 560 99749
70 561 12419
169 562 31599
134 563 74752
4 564 19659
433 565 46499
417 566 48587
434 567 53658
13 568 93214
418 569 14219
84 570 96051
486 571 4848
217 572 60919
434 573 43746
108 574 10437
191 575 18439
415 576 82150
121 577 43242
45 578 29766
292 579 76719
372 580 26416
541 581 73979
539 582 62819
432 583 9710
48 584 28863
260 585 26354
567 586 16283
585 587 4691
173 588 7546
31 589 98552
137 590 44520
330 591 56146
337 592 50151
447 593 16540
228 594 46821
67 595 18653
428 596 98272
385 597 46333
176 598 64533
167 599 1538
104 600 15073
115 601 19223
119 602 97543
525 603 67647
359 604 93470
435 605 73150
486 606 3792
262 607 57851
217 608 39453
451 609 58662
375 610 4384
571 611 42109
135 612 91629
368 613 51805
530 614 20205
480 615 40832
96 616 76895
56 617 12343
297 618 12293
54 619 45533
198 620 39711
74 621 94713
6 622 90604
507 623 71930
483 624 16988
203 625 46628
326 626 37728
139 627 99900
234 628 65040
222 629 70314
34 630 28379
407 631 60612
591 632 96016
266 633 49768
147 634 20224
602 635 16679
40 636 45377
170 637 79083
259 638 19389
527 639 63680
409 640 9049
179 641 61890
130 642 71445
190 643 21248
41 644 47680
628 645 71464
492 646 85371
8 647 98392
487 648 91764
381 649 12274
637 650 94457
426 651 96935
472 652 4153
327 653 13111
596 654 71533
47 655 8285
529 656 10780
110 657 56002
246 658 24830
216 659 46010
40 660 88535
352 661 81291
603 662 96239
623 663 10787
145 664 24532
521 665 72894
107 666 13860
653 667 86256
115 668 72857
175 669 10702
186 670 35393
181 671 21588
508 672 47615
227 673 4998
647 674 75748
358 675 64575
355 676 18842
290 677 592
536 678 76652
36 679 83541
396 680 26
662 681 6706
458 682 32910
466 683 82870
502 684 94830
101 685 45264
193 686 2445
501 687 19513
404 688 57254
282 689 19406
89 690 8801
133 691 42266
648 692 19825
164 693 86946
186 694 5352
526 695 98711
203 696 26224
665 697 22162
435 698 41325
34 699 90942
692 700 94303
414 701 38615
507 702 96654
586 703 26063
60 704 63067
398 705 61786
368 706 48918
624 707 13685
151 708 90388
438 709 65011
319 710 56940
675 711 40301
478 712 53316
622 713 96746
548 714 80824
457 715 39318
456 716 69304
635 717 56270
517 718 74136
529 719 72982
339 720 16852
422 721 85766
51 722 94219
624 723 76368
194 724 66607
444 725 38604
431 726 66327
721 727 97108
529 728 97033
441 729 33761
559 730 36184
108 731 52183
394 732 99318
694 733 75183
80 734 85170
658 735 67566
518 736 22974
212 737 38420
529 738 80918
220 739 13008
653 740 33863
717 741 66021
134 742 20946
728 743 30159
8 744 20855
585 745 74735
727 746 26094
186 747 25723
268 748 67867
427 749 72535
561 750 505
572 751 47017
237 752 87717
537 753 96791
153 754 56909
298 755 15777
323 756 17947
445 757 19364
754 758 71587
581 759 88657
16 760 24369
95 761 26030
128 762 72898
657 763 56881
330 764 2252
519 765 95074
85 766 58539
558 767 58972
55 768 49030
164 769 71186
704 770 8988
476 771 89068
619 772 24178
422 773 53051
271 774 47443
301 775 42071
259 776 48264
559 777 82801
14 778 76708
76 779 14055
725 780 44745
312 781 90508
415 782 27610
707 783 82166
602 784 1585
79 785 96469
681 786 64747
445 787 2728
405 788 29144
102 789 55657
408 790 46902
116 791 3203
369 792 15714
435 793 45439
61 794 72624
45 795 60867
671 796 23526
19 797 79373
643 798 64907
214 799 9959
762 800 88130
715 801 39280
238 802 3314
175 803 15424
79 804 47476
512 805 33689
411 806 77515
779 807 67209
739 808 75253
116 809 88091
107 810 3
71 811 2605
315 812 62397
273 813 67315
592 814 20971
276 815 56557
389 816 671
64 817 85744
11 818 79446
129 819 55624
386 820 95033
790 821 60062
281 822 17395
24 823 64209
759 824 10094
71 825 47835
402 826 1435
372 827 25386
622 828 89941
391 829 94066
825 830 40381
58 831 6957
232 832 72624
595 833 61894
493 834 54602
778 835 34249
97 836 71266
715 837 91608
50 838 36802
792 839 6248
36 840 10976
8 841 41264
385 842 35981
712 843 63301
754 844 60974
692 845 58251
582 846 47078
717 847 2350
238 848 84283
235 849 23356
164 850 37277
359 851 55137
708 852 85914
287 853 56501
30 854 74173
234 855 16868
395 856 37473
315 857 1383
413 858 92729
154 859 39233
593 860 28570
111 861 54201
225 862 78206
359 863 76125
141 864 10605
615 865 55182
736 866 24026
486 867 91825
717 868 55942
367 869 45572
259 870 77431
401 871 70844
670 872 15555
609 873 93090
662 874 13921
403 875 45683
787 876 91227
601 877 28021
743 878 78952
752 879 71502
824 880 8859
182 881 19649
807 882 11518
128 883 40347
444 884 33662
884 885 87861
169 886 7029
308 887 87775
385 888 78762
502 889 64576
678 890 87454
487 891 38336
585 892 21598
74 893 51819
892 894 48502
396 895 223
502 896 65247
459 897 45104
785 898 16917
851 899 66436
3 900 52799
464 901 88129
203 902 48042
45 903 15017
278 904 43487
48 905 53034
502 906 42183
554 907 4703
292 908 89720
61 909 39728
87 910 86042
66 911 99603
735 912 47339
788 913 12772
894 914 18250
841 915 21629
576 916 3689
803 917 15652
498 918 47652
878 919 34790
832 920 36366
714 921 88195
224 922 95966
336 923 18700
300 924 82654
708 925 67567
468 926 2950
272 927 37200
768 928 53437
331 929 53790
202 930 71671
752 931 10146
872 932 19274
137 933 89478
690 934 58303
839 935 19038
837 936 82965
658 937 82756
110 938 84049
259 939 9358
841 940 73495
836 941 71214
492 942 74387
471 943 56286
553 944 9930
676 945 75511
124 946 7751
672 947 65411
820 948 35901
738 949 68494
885 950 7644
793 951 61734
678 952 62332
363 953 63804
121 954 11992
545 955 73450
500 956 95188
456 957 41946
161 958 96461
894 959 71790
232 960 23095
696 961 828
592 962 40183
247 963 20416
419 964 33230
916 965 82636
18 966 77844
53 967 48906
70 968 8048
325 969 84757
229 970 20030
186 971 74366
625 972 42752
394 973 65612
201 974 62809
73 975 26882
600 976 13152
19 977 69358
360 978 80650
826 979 83210
296 980 4106
41 981 20067
418 982 62757
26 983 63320
131 984 47140
83 985 35274
463 986 99385
46 987 89205
844 988 16445
485 989 7398
418 990 42122
943 991 72173
267 992 83236
855 993 10612
950 994 12983
429 995 39735
780 996 18491
193 997 32231
767 998 39659
70 999 89678
588 1000 40680
406 1001 90369
201 1002 13985
249 1003 53460
887 1004 86523
361 1005 96532
158 1006 65566
820 1007 26529
612 1008 62566
189 1009 61995
852 1010 97299
513 1011 7597
980 1012 3223
126 1013 98037
820 1014 87153
157 1015 60722
991 1016 71398
577 1017 57892
515 1018 58510
637 1019 32821
863 1020 59905
615 1021 56838
155 1022 70705
381 1023 31446
377 1024 42842
192 1025 8984
579 1026 53827
206 1027 85390
967 1028 67
137 1029 37166
359 1030 33644
187 1031 21440
642 1032 7137
350 1033 56261
262 1034 8292
91 1035 90840
644 1036 58039
778 1037 22350
726 1038 71674
1038 1039 98952
212 1040 9328
908 1041 13090
20 1042 50429
563 1043 19915
519 1044 89799
182 1045 39360
517 1046 8247
1033 1047 77985
831 1048 58446
592 1049 25089
102 1050 1153
835 1051 87012
889 1052 7188
927 1053 64167
449 1054 2015
855 1055 5458
745 1056 96579
509 1057 65614
606 1058 80016
375 1059 27508
629 1060 89195
590 1061 47316
603 1062 5330
1014 1063 69171
812 1064 11237
188 1065 63510
562 1066 88845
253 1067 5140
206 1068 55311
104 1069 52741
896 1070 5394
953 1071 59237
1012 1072 95086
751 1073 42414
442 1074 26755
471 1075 10480
908 1076 20130
699 1077 54932
78 1078 50541
703 1079 52140
1015 1080 69312
789 1081 23892
350 1082 30459
450 1083 82274
14 1084 82975
459 1085 70276
394 1086 20668
64 1087 3997
576 1088 94134
338 1089 16776
226 1090 84314
166 1091 4879
32 1092 92126
425 1093 17751
303 1094 99312
542 1095 93137
481 1096 43843
431 1097 14194
723 1098 40725
949 1099 80240
20 1100 92369
710 1101 98175
697 1102 47669
37 1103 30980
923 1104 79965
756 1105 76486
12 1106 78423
527 1107 5480
862 1108 92373
105 1109 2474
412 1110 28780
757 1111 26484
1021 1112 69785
83 1113 31429
275 1114 69666
618 1115 46292
271 1116 87683
26 1117 69991
1049 1118 75286
992 1119 10646
405 1120 98995
947 1121 8504
523 1122 4616
18 1123 3685
1100 1124 33733
73 1125 53695
136 1126 54500
636 1127 80283
78 1128 17975
1017 1129 53490
227 1130 50661
1104 1131 70391
152 1132 99271
457 1133 88447
647 1134 3762
245 1135 26958
1027 1136 64811
530 1137 36038
874 1138 56650
424 1139 29797
583 1140 86170
22 1141 35107
729 1142 63910
121 1143 73340
131 1144 93493
1082 1145 79341
553 1146 53127
956 1147 47203
912 1148 40449
595 1149 2974
1064 1150 88058
964 1151 39980
696 1152 39449
565 1153 32816
103 1154 43843
397 1155 41428
804 1156 18899
58 1157 88312
1102 1158 28310
804 1159 44704
59 1160 21493
66 1161 58417
741 1162 86181
845 1163 23772
660 1164 60179
576 1165 13117
396 1166 92352
927 1167 46707
861 1168 26402
464 1169 25626
694 1170 18647
522 1171 780
196 1172 81593
1045 1173 68001
278 1174 92232
559 1175 94530
1122 1176 77354
541 1177 72117
194 1178 457
514 1179 84430
379 1180 31861
581 1181 39212
427 1182 7312
1015 1183 40806
307 1184 12771
507 1185 80842
1010 1186 70707
1063 1187 57821
304 1188 12734
99 1189 73188
91 1190 98990
1129 1191 34651
132 1192 85101
400 1193 97958
471 1194 41689
904 1195 2220
223 1196 48901
976 1197 99543
410 1198 76227
142 1199 71191
1003 1200 30410
591 1201 19859
937 1202 85392
879 1203 40395
733 1204 78442
236 1205 14752
409 1206 96194
546 1207 78636
658 1208 95550
1127 1209 72606
1112 1210 2485
660 1211 30150
992 1212 26262
882 1213 36769
481 1214 83161
309 1215 36612
480 1216 81857
532 1217 73280
510 1218 19199
593 1219 94271
34 1220 8679
1207 1221 48599
554 1222 78619
945 1223 62954
498 1224 1413
1180 1225 51144
860 1226 9615
891 1227 80832
309 1228 5579
22 1229 35786
228 1230 47178
980 1231 54115
1077 1232 34972
684 1233 78846
311 1234 73639
647 1235 89238
1051 1236 67000
117 1237 74634
552 1238 75113
236 1239 73344
772 1240 8467
61 1241 3682
1111 1242 25027
175 1243 95905
392 1244 39951
792 1245 54069
757 1246 98253
830 1247 34371
1127 1248 62603
706 1249 32722
402 1250 24299
651 1251 32256
171 1252 49845
980 1253 40466
496 1254 15225
1155 1255 40814
774 1256 65123
1232 1257 90917
936 1258 28637
216 1259 67153
279 1260 41844
953 1261 84113
77 1262 41967
557 1263 63481
33 1264 54479
714 1265 79482
93 1266 45393
465 1267 85687
575 1268 82007
391 1269 13838
354 1270 28596
848 1271 2540
245 1272 25726
142 1273 55465
139 1274 10490
585 1275 36366
120 1276 94805
360 1277 96002
285 1278 88230
401 1279 81690
184 1280 49979
84 1281 14332
152 1282 34975
366 1283 60434
1259 1284 25265
846 1285 54811
1219 1286 56639
1169 1287 74679
230 1288 85728
271 1289 89187
891 1290 52707
818 1291 20319
454 1292 4231
539 1293 19773
355 1294 63395
32 1295 34745
222 1296 12696
952 1297 25778
806 1298 10885
552 1299 33707
105 1300 64309
356 1301 1139
1153 1302 82757
126 1303 39080
227 1304 11066
535 1305 73438
625 1306 34253
990 1307 1362
331 1308 4666
1134 1309 86175
859 1310 13774
38 1311 96802
497 1312 43684
698 1313 82636
1099 1314 80850
402 1315 70672
36 1316 7863
906 1317 10555
676 1318 53714
1 1319 52275
757 1320 43850
1299 1321 97651
148 1322 13890
1237 1323 5584
483 1324 16985
1034 1325 83614
1267 1326 19696
395 1327 85831
973 1328 41356
1231 1329 84752
616 1330 36860
1249 1331 85182
1270 1332 50973
1083 1333 43716
1096 1334 84091
1092 1335 17923
171 1336 59627
621 1337 21536
1035 1338 14888
323 1339 26665
278 1340 86385
1004 1341 10363
924 1342 77960
117 1343 8621
846 1344 15585
733 1345 48406
1183 1346 38114
353 1347 7608
331 1348 47125
564 1349 64558
547 1350 65491
951 1351 92010
290 1352 74823
532 1353 36700
90 1354 7002
796 1355 88547
494 1356 1989
1232 1357 39730
218 1358 57074
1220 1359 58202
528 1360 23835
355 1361 20682
1331 1362 39930
444 1363 32878
206 1364 36593
719 1365 13396
1282 1366 90773
180 1367 44581
1173 1368 76326
521 1369 74027
1340 1370 78569
1200 1371 41815
724 1372 18668
717 1373 98412
402 1374 57931
136 1375 19275
768 1376 61163
642 1377 83853
999 1378 68758
542 1379 71450
72 1380 2216
1048 1381 86140
1219 1382 90617
790 1383 84037
1013 1384 45680
328 1385 46710
530 1386 53065
288 1387 99638
708 1388 48572
45 1389 26999
615 1390 69489
482 1391 1699
997 1392 1378
151 1393 41320
318 1394 1061
912 1395 613
457 1396 12157
1073 1397 35722
108 1398 68541
1055 1399 91943
385 1400 70478
785 1401 46160
401 1402 62242
756 1403 25965
1097 1404 14742
418 1405 31883
572 1406 84912
696 1407 42512
488 1408 69691
685 1409 85458
433 1410 10569
1005 1411 60341
115 1412 87620
728 1413 53851
1380 1414 5733
634 1415 61012
1261 1416 24957
607 1417 62033
425 1418 47751
491 1419 5525
38 1420 4813
492 1421 50730
1140 1422 27833
341 1423 73459
211 1424 65227
1336 1425 39978
479 1426 36492
676 1427 70082
452 1428 58764
79 1429 14667
101 1430 43621
990 1431 63735
1201 1432 72488
275 1433 45630
1107 1434 62088
664 1435 39309
106 1436 36253
731 1437 14523
449 1438 97606
627 1439 14487
75 1440 8790
1001 1441 58758
1147 1442 61373
373 1443 48439
543 1444 30014
1225 1445 34343
947 1446 28662
1152 1447 20572
973 1448 58684
858 1449 60626
885 1450 96746
74 1451 1075
676 1452 33060
522 1453 69403
1006 1454 25313
114 1455 73885
1268 1456 39643
622 1457 97428
563 1458 83885
725 1459 55857
1085 1460 35438
1220 1461 21624
148 1462 43739
450 1463 61027
364 1464 73851
1236 1465 43348
275 1466 44849
1219 1467 47644
951 1468 50114
1268 1469 72819
796 1470 21574
461 1471 73621
256 1472 72665
5 1473 32292
445 1474 82235
1258 1475 46727
1388 1476 39351
49 1477 22005
482 1478 6564
892 1479 14102
40 1480 70032
1395 1481 81996
1130 1482 40285
1342 1483 1293
295 1484 20946
579 1485 16166
781 1486 3211
1159 1487 27989
646 1488 7277
623 1489 65102
1130 1490 83897
337 1491 90256
378 1492 41427
589 1493 80867
1098 1494 50080
845 1495 2650
470 1496 12999
283 1497 52744
441 1498 21005
693 1499 47559
1347 1500 15414
467 1501 39892
556 1502 56753
785 1503 54974
284 1504 5801
117 1505 40290
1002 1506 56553
1454 1507 33284
126 1508 82440
578 1509 20796
180 1510 77969
32 1511 50073
187 1512 42818
58 1513 73901
534 1514 38345
263 1515 23521
805 1516 52214
1004 1517 36915
898 1518 90426
630 1519 26901
877 1520 73433
1266 1521 86088
524 1522 90458
855 1523 22564
1200 1524 51067
908 1525 32757
604 1526 3834
285 1527 20862
39 1528 20536
287 1529 73112
1466 1530 61394
1386 1531 18361
914 1532 29018
537 1533 12238
753 1534 4160
862 1535 49953
165 1536 86905
568 1537 25058
1226 1538 33861
226 1539 53488
1424 1540 75860
1313 1541 75457
714 1542 87366
970 1543 66512
405 1544 68321
1293 1545 95568
115 1546 26422
742 1547 71176
1423 1548 55461
1161 1549 36911
1343 1550 73829
425 1551 82990
311 1552 6172
1048 1553 13854
1542 1554 52093
1290 1555 15229
1169 1556 85436
1503 1557 95922
169 1558 41161
112 1559 68103
195 1560 41205
1551 1561 74128
562 1562 61450
621 1563 54874
494 1564 86630
1562 1565 53242
893 1566 18405
312 1567 16231
528 1568 66857
640 1569 55212
1134 1570 83059
268 1571 52358
723 1572 27982
261 1573 1908
461 1574 70756
101 1575 44180
499 1576 38703
802 1577 77707
90 1578 3301
1539 1579 29194
666 1580 59892
1578 1581 95110
1070 1582 86031
944 1583 22973
706 1584 56802
1153 1585 94248
941 1586 58622
23 1587 43818
262 1588 95221
810 1589 8946
1549 1590 23992
542 1591 49918
1135 1592 50241
1412 1593 43801
348 1594 63620
541 1595 86911
333 1596 75503
546 1597 70985
994 1598 54854
429 1599 95874
936 1600 65580
527 1601 49584
100 1602 94398
1034 1603 57970
613 1604 73566
5 1605 45427
878 1606 84518
943 1607 44885
317 1608 65214
642 1609 35582
957 1610 21419
365 1611 44980
1159 1612 97768
540 1613 3956
179 1614 93624
303 1615 78684
1419 1616 43230
1378 1617 22806
844 1618 20840
1090 1619 58981
916 1620 61678
746 1621 48803
985 1622 70086
346 1623 57030
243 1624 15770
1540 1625 66166
1026 1626 25018
649 1627 31808
1085 1628 23602
1556 1629 93013
1065 1630 73826
1045 1631 18546
747 1632 14208
730 1633 2910
980 1634 54424
1177 1635 68258
1083 1636 13234
110 1637 96781
910 1638 66803
1587 1639 51029
273 1640 48823
117 1641 33039
1042 1642 60530
486 1643 44714
459 1644 4800
1609 1645 80312
1351 1646 22653
857 1647 45857
1174 1648 25718
774 1649 86456
1360 1650 55567
1018 1651 58843
53 1652 17010
581 1653 43762
1357 1654 45331
322 1655 35644
397 1656 34672
1619 1657 81213
574 1658 53896
1160 1659 76938
954 1660 89116
884 1661 63304
69 1662 48587
1043 1663 62442
289 1664 6053
815 1665 43546
144 1666 63994
335 1667 67410
839 1668 76768
1458 1669 41644
980 1670 39709
392 1671 73873
90 1672 62520
1201 1673 30265
799 1674 60760
281 1675 18490
185 1676 58961
715 1677 72004
1600 1678 85006
695 1679 59057
219 1680 47054
1587 1681 60218
656 1682 80316
575 1683 90365
1090 1684 41870
1017 1685 94167
687 1686 77993
851 1687 24891
1250 1688 18955
523 1689 48760
1684 1690 10792
1190 1691 53936
86 1692 82865
1254 1693 3662
1250 1694 59064
334 1695 18624
1477 1696 55515
227 1697 73748
624 1698 77948
205 1699 82161
1101 1700 85180
1001 1701 13094
1208 1702 23511
183 1703 65463
874 1704 36254
142 1705 73975
835 1706 32251
231 1707 23784
1387 1708 47138
416 1709 28137
1463 1710 22417
378 1711 35844
878 1712 56659
1347 1713 9631
1520 1714 86963
111 1715 45356
189 1716 93095
922 1717 19993
150 1718 57749
1399 1719 53954
678 1720 26206
192 1721 72175
1473 1722 78970
587 1723 91132
1689 1724 8517
1532 1725 71065
1577 1726 10761
1640 1727 93613
1290 1728 79927
1379 1729 24930
694 1730 17873
1600 1731 62376
154 1732 81247
1691 1733 60883
129 1734 99490
993 1735 40426
178 1736 80710
1731 1737 55898
1034 1738 36797
409 1739 45476
573 1740 68682
1608 1741 82328
1444 1742 54418
285 1743 45667
794 1744 39999
231 1745 97134
873 1746 2381
1142 1747 61905
537 1748 39986
727 1749 82257
761 1750 70256
72 1751 59053
709 1752 52566
522 1753 61842
1332 1754 10193
473 1755 80446
856 1756 98885
162 1757 77501
44 1758 90035
1353 1759 58678
129 1760 51945
1455 1761 15296
833 1762 60933
847 1763 92567
1277 1764 91911
1128 1765 39344
1196 1766 78879
1661 1767 16629
1764 1768 75720
524 1769 48254
1386 1770 20852
1627 1771 67925
1553 1772 36110
467 1773 76575
1345 1774 36923
1229 1775 75505
1516 1776 26903
1760 1777 87279
1150 1778 82250
1570 1779 71743
166 1780 57803
67 1781 218
91 1782 23681
1468 1783 66758
1711 1784 82425
613 1785 66825
658 1786 28272
1461 1787 97117
861 1788 57331
1692 1789 561
695 1790 95786
883 1791 72163
258 1792 13818
806 1793 5484
1655 1794 80728
753 1795 31723
282 1796 96450
1620 1797 15860
357 1798 94039
1416 1799 52251
1084 1800 45447
1197 1801 91160
735 1802 39523
619 1803 97649
1584 1804 3828
1318 1805 49374
1770 1806 22003
1100 1807 75425
69 1808 46519
545 1809 47786
950 1810 93343
449 1811 51065
1157 1812 32510
22 1813 7246
1371 1814 40935
1420 1815 16203
1578 1816 1499
600 1817 60134
1539 1818 89724
444 1819 88007
1726 1820 5140
1332 1821 1208
792 1822 37789
605 1823 86349
692 1824 56248
646 1825 37678
1164 1826 17151
31 1827 29478
327 1828 29269
143 1829 46648
506 1830 22775
1324 1831 85731
559 1832 49913
1411 1833 93190
639 1834 81810
1671 1835 74949
772 1836 12937
1026 1837 55941
783 1838 34893
991 1839 43336
716 1840 45247
392 1841 44167
1676 1842 12980
1138 1843 49342
1451 1844 29550
740 1845 83162
1693 1846 73209
520 1847 82458
1525 1848 9881
48 1849 41499
176 1850 39655
417 1851 93230
1193 1852 96253
1255 1853 82665
695 1854 47274
1742 1855 23162
27 1856 41994
1374 1857 84542
1364 1858 53462
1049 1859 54710
1651 1860 54571
608 1861 93188
230 1862 35134
1759 1863 10825
797 1864 92993
626 1865 96631
989 1866 73471
694 1867 79152
1083 1868 55735
4 1869 77716
1782 1870 71013
964 1871 21995
698 1872 74056
1369 1873 37310
1776 1874 2043
1404 1875 10588
577 1876 14725
362 1877 85201
573 1878 94165
311 1879 63966
366 1880 36253
1702 1881 39607
380 1882 45617
421 1883 8183
1462 1884 64043
1287 1885 98532
287 1886 86761
1868 1887 31599
354 1888 58370
629 1889 66690
66 1890 20546
1179 1891 52032
431 1892 11819
755 1893 51611
1494 1894 16519
486 1895 5257
947 1896 38511
1722 1897 76754
1508 1898 44149
1551 1899 95201
518 1900 44969
196 1901 28968
577 1902 62348
1596 1903 3228
1810 1904 56967
915 1905 8483
1075 1906 25645
1315 1907 38127
154 1908 59674
1509 1909 71444
47 1910 35007
1301 1911 67205
1709 1912 512
1297 1913 67863
498 1914 34598
516 1915 16904
1682 1916 30851
1246 1917 20411
947 1918 78790
858 1919 97650
714 1920 40588
96 1921 80440
907 1922 82124
1002 1923 55269
1042 1924 1359
985 1925 47701
337 1926 72171
1208 1927 25245
299 1928 61010
1174 1929 71403
1739 1930 71589
443 1931 49928
1341 1932 10277
546 1933 99406
46 1934 44459
1240 1935 61466
1631 1936 6655
351 1937 9419
1532 1938 7203
243 1939 76209
80 1940 83340
887 1941 92292
1500 1942 24786
364 1943 80879
1287 1944 82176
999 1945 20946
658 1946 91405
1326 1947 82737
222 1948 35525
1589 1949 31465
1477 1950 36634
637 1951 2043
709 1952 75035
111 1953 77166
327 1954 18974
38 1955 28870
1344 1956 7474
1424 1957 59363
1355 1958 77634
514 1959 45994
1804 1960 57204
615 1961 97899
41 1962 57148
841 1963 11584
818 1964 38145
1934 1965 16463
637 1966 71802
1495 1967 48972
1425 1968 81658
940 1969 90653
1191 1970 11026
1721 1971 53503
1323 1972 56993
1408 1973 96877
703 1974 71448
432 1975 36529
1704 1976 6860
392 1977 60820
686 1978 54793
1559 1979 12835
1885 1980 55660
1664 1981 61038
763 1982 82004
1529 1983 75083
463 1984 40155
247 1985 26134
529 1986 63853
1170 1987 97887
1685 1988 22421
838 1989 18483
796 1990 4692
1647 1991 92
409 1992 27175
1856 1993 37320
17 1994 98401
1159 1995 90107
707 1996 84859
795 1997 37043
885 1998 31486
593 1999 13203
275 2000 77548
1062 2001 26871
989 2002 13753
1535 2003 13711
1807 2004 20288
908 2005 82555
1067 2006 89949
1940 2007 62727
5 2008 20481
1715 2009 5892
771 2010 20329
89 2011 41797
1954 2012 90830
1962 2013 34277
417 2014 42185
1469 2015 94232
1133 2016 25390
1047 2017 33764
317 2018 22651
1330 2019 43943
1762 2020 90137
215 2021 89514
790 2022 94632
1720 2023 92766
631 2024 78875
1222 2025 97560
9 2026 91837
1556 2027 45312
1453 2028 39204
953 2029 5592
945 2030 25359
1830 2031 73579
1069 2032 93139
566 2033 3463
1523 2034 3854
237 2035 9258
98 2036 5544
228 2037 43219
2 2038 34516
22 2039 29183
1158 2040 89401
1595 2041 10522
1709 2042 49003
875 2043 75028
287 2044 81539
1693 2045 18951
853 2046 58801
1931 2047 82827
1513 2048 28129
239 2049 87856
220 2050 54643
788 2051 12344
1529 2052 92280
184 2053 72371
1255 2054 14773
1902 2055 21857
37 2056 743
2036 2057 56522
824 2058 78819
1235 2059 47783
858 2060 13099
164 2061 54471
1294 2062 8103
462 2063 65094
1749 2064 85917
79 2065 3679
1008 2066 53686
1256 2067 48263
590 2068 72941
663 2069 46068
106 2070 2254
1250 2071 27902
184 2072 88702
1961 2073 33709
1847 2074 33502
669 2075 21359
473 2076 64798
395 2077 28036
899 2078 551
113 2079 80294
196 2080 5798
1718 2081 88808
1733 2082 59227
1489 2083 85086
1889 2084 6546
1481 2085 31917
409 2086 51955
1664 2087 4026
1862 2088 37899
25 2089 92366
961 2090 80076
906 2091 92163
1035 2092 65827
11 2093 4540
1063 2094 81808
103 2095 29328
756 2096 79739
56 2097 18227
1097 2098 14114
1920 2099 71793
837 2100 92523
192 2101 54143
584 2102 22716
1242 2103 76486
649 2104 38706
81 2105 46911
250 2106 85659
1151 2107 92012
1045 2108 42878
1321 2109 86759
388 2110 35886
1315 2111 86161
728 2112 29622
1400 2113 66474
1293 2114 44869
1089 2115 77247
1989 2116 63644
37 2117 70536
101 2118 43144
1061 2119 35936
1495 2120 16363
990 2121 72497
1380 2122 33484
1670 2123 39642
400 2124 58664
19 2125 17556
1799 2126 31190
2013 2127 48838
118 2128 66270
374 2129 63248
1310 2130 7462
533 2131 40218
828 2132 96282
1526 2133 12932
1776 2134 82982
1292 2135 67034
1454 2136 36067
1254 2137 63438
1338 2138 92584
88 2139 54436
417 2140 6597
1878 2141 85969
203 2142 68696
946 2143 41789
1738 2144 20015
1554 2145 51598
2104 2146 64104
337 2147 80243
324 2148 41013
1368 2149 34892
189 2150 38715
1330 2151 77906
1568 2152 46868
183 2153 37848
1589 2154 4810
1869 2155 45067
1108 2156 16978
2134 2157 79908
1936 2158 10476
2076 2159 72488
2098 2160 94892
557 2161 46875
201 2162 93028
1207 2163 34868
524 2164 68877
463 2165 60020
1403 2166 6337
2026 2167 13539
1614 2168 31178
1881 2169 93452
1988 2170 66072
1975 2171 69368
615 2172 47394
665 2173 9440
550 2174 31315
1585 2175 85340
1606 2176 49483
133 2177 25290
237 2178 66718
2170 2179 57118
201 2180 35898
1334 2181 31908
1180 2182 13051
968 2183 59789
1716 2184 26207
1583 2185 15093
1930 2186 15729
344 2187 41462
19 2188 95849
677 2189 92394
1553 2190 46583
424 2191 20121
405 2192 55450
834 2193 65081
1130 2194 53394
1268 2195 1434
2070 2196 94366
153 2197 72605
1927 2198 55756
1486 2199 69851
818 2200 19676
1588 2201 8564
1247 2202 38754
1491 2203 41877
1889 2204 75471
684 2205 86754
197 2206 74862
152 2207 97286
1522 2208 68765
659 2209 36567
284 2210 25088
1926 2211 65910
1443 2212 24844
98 2213 93150
158 2214 41360
457 2215 38698
1959 2216 58699
2067 2217 72493
549 2218 32797
764 2219 90063
1011 2220 57254
1830 2221 84867
124 2222 46880
1357 2223 45845
2012 2224 50160
2152 2225 94947
1203 2226 55760
1877 2227 1876
1500 2228 66795
133 2229 94452
420 2230 55886
572 2231 41444
173 2232 68231
1439 2233 45975
1201 2234 17377
618 2235 13316
414 2236 48357
1687 2237 71850
740 2238 19417
2010 2239 54967
11 2240 62297
2045 2241 67074
20 2242 16837
1097 2243 644
917 2244 30238
1964 2245 17413
811 2246 9477
1041 2247 72976
2116 2248 2759
1971 2249 45913
1729 2250 44820
2048 2251 34764
1089 2252 35768
223 2253 3783
2224 2254 19652
1586 2255 39542
768 2256 81424
1956 2257 35149
2138 2258 95233
1029 2259 59148
1988 2260 77788
1465 2261 28463
39 2262 129
2181 2263 93703
1241 2264 81629
595 2265 98367
1793 2266 22775
1823 2267 53121
230 2268 97304
988 2269 47812
1388 2270 78887
1522 2271 91150
1625 2272 14809
41 2273 39835
1412 2274 72231
190 2275 23031
1838 2276 79725
812 2277 56370
1371 2278 55155
7 2279 95759
799 2280 45049
1820 2281 74884
2245 2282 58073
512 2283 10436
612 2284 63240
947 2285 61913
159 2286 69842
1009 2287 73793
191 2288 86476
2111 2289 24783
1194 2290 22893
1724 2291 24578
715 2292 70415
473 2293 44698
2197 2294 40367
2183 2295 82392
1851 2296 83269
2042 2297 89844
1614 2298 20790
1349 2299 77535
624 2300 6717
546 2301 64493
127 2302 80937
349 2303 47421
2162 2304 67224
580 2305 60875
825 2306 67525
1910 2307 49642
1107 2308 8251
2133 2309 95827
72 2310 69490
934 2311 32906
1876 2312 2397
1424 2313 18688
1058 2314 73489
456 2315 62025
1727 2316 27758
359 2317 19686
1892 2318 53811
2216 2319 64772
816 2320 23
1826 2321 15613
1598 2322 38723
67 2323 42253
1581 2324 44792
1757 2325 81144
187 2326 70983
454 2327 6215
572 2328 92469
1598 2329 40322
1617 2330 76559
1631 2331 35459
54 2332 95507
138 2333 72714
1894 2334 62482
2274 2335 44873
75 2336 78776
1926 2337 82869
1892 2338 19287
2029 2339 52000
2217 2340 90236
2225 2341 27060
73 2342 75424
1143 2343 59169
1866 2344 21441
1634 2345 99994
770 2346 85057
1364 2347 2632
1998 2348 80622
349 2349 52534
1968 2350 61206
2007 2351 20179
35 2352 25714
241 2353 24484
1643 2354 54353
1619 2355 42715
1227 2356 92849
2095 2357 38102
1556 2358 13768
2072 2359 55396
1232 2360 76948
1130 2361 7979
1883 2362 20961
2128 2363 6857
330 2364 66805
1905 2365 14463
1481 2366 72011
970 2367 53131
9 2368 48448
922 2369 82395
738 2370 75985
2016 2371 44291
1812 2372 23966
1150 2373 61375
455 2374 74762
1509 2375 48094
966 2376 42316
281 2377 51543
111 2378 47657
2248 2379 49893
120 2380 88400
36 2381 28688
1690 2382 82234
52 2383 61176
1033 2384 26887
2126 2385 69589
1297 2386 1018
418 2387 11012
2069 2388 97903
1522 2389 15701
2013 2390 36221
2121 2391 91312
278 2392 91036
2039 2393 44600
2020 2394 46527
1591 2395 5096
2180 2396 41555
1670 2397 6126
632 2398 41327
527 2399 18116
1331 2400 80199
838 2401 37785
179 2402 77446
1235 2403 83916
1174 2404 50150
916 2405 87689
833 2406 62652
1581 2407 65276
689 2408 52737
1191 2409 11938
308 2410 31332
1365 2411 27839
1925 2412 12442
1202 2413 33771
2352 2414 57128
1125 2415 8927
137 2416 7747
1242 2417 20269
420 2418 7251
1972 2419 50387
348 2420 30693
1510 2421 11539
55 2422 52501
2370 2423 72480
1599 2424 37893
1647 2425 3653
2337 2426 7758
1318 2427 19271
128 2428 78110
1005 2429 17281
1093 2430 38207
2413 2431 7783
1889 2432 23537
1293 2433 93865
288 2434 81904
1150 2435 27664
1780 2436 9067
1530 2437 44634
123 2438 37358
262 2439 75665
601 2440 31597
1610 2441 16497
1873 2442 35981
2294 2443 72677
648 2444 69693
1516 2445 69483
509 2446 37887
323 2447 24911
1160 2448 49217
2379 2449 95001
2383 2450 52745
2084 2451 23057
199 2452 8485
705 2453 8303
382 2454 47846
2175 2455 9998
609 2456 27304
1250 2457 26546
1735 2458 59558
1031 2459 73075
2254 2460 20067
471 2461 18639
962 2462 71561
1332 2463 55279
742 2464 803
380 2465 2257
1540 2466 65326
558 2467 89945
1602 2468 88606
1544 2469 31603
915 2470 24935
2125 2471 6325
1027 2472 53217
1112 2473 34444
2384 2474 80207
2432 2475 69740
1596 2476 17133
285 2477 17013
1578 2478 39693
271 2479 17217
981 2480 20073
2320 2481 61387
1635 2482 25742
1509 2483 98436
2447 2484 64805
45 2485 82535
1743 2486 72107
1655 2487 48073
2272 2488 87330
827 2489 56400
573 2490 64278
912 2491 91335
2038 2492 36805
659 2493 76192
2060 2494 59981
956 2495 56874
1415 2496 49571
731 2497 6339
1375 2498 73341
2444 2499 8920
804 2500 56882
2104 2501 57933
1982 2502 15179
1061 2503 27540
1065 2504 91953
552 2505 11595
1194 2506 74338
110 2507 30304
1518 2508 41901
221 2509 72321
559 2510 96594
436 2511 15401
1697 2512 528
664 2513 21106
397 2514 81205
1862 2515 61289
1602 2516 37307
1747 2517 31481
592 2518 48364
2326 2519 61068
320 2520 21083
954 2521 38564
773 2522 72530
882 2523 39886
1673 2524 1170
890 2525 55891
571 2526 33530
1780 2527 6786
953 2528 28224
1132 2529 43117
1960 2530 57299
1173 2531 67539
1999 2532 1413
1497 2533 29794
572 2534 38415
1637 2535 74276
14 2536 81104
59 2537 83598
1180 2538 87960
1659 2539 55724
2017 2540 27624
1096 2541 71507
1744 2542 26005
2463 2543 80566
2281 2544 70692
998 2545 89692
350 2546 51739
1467 2547 12618
2440 2548 24257
23 2549 10788
1904 2550 78752
1118 2551 50938
1549 2552 65911
1363 2553 46880
2229 2554 61921
1561 2555 54253
879 2556 304
434 2557 75843
729 2558 27891
2485 2559 88767
2210 2560 19408
1635 2561 49205
1840 2562 3087
817 2563 71174
1627 2564 20130
323 2565 99652
523 2566 87889
2480 2567 61432
702 2568 66593
1535 2569 88870
2157 2570 18603
130 2571 15373
430 2572 42635
2388 2573 92375
300 2574 24694
1143 2575 12540
750 2576 74444
1921 2577 47261
93 2578 36720
701 2579 99340
994 2580 1043
2361 2581 71047
2578 2582 90484
1835 2583 41523
2377 2584 32900
594 2585 92544
566 2586 55835
2185 2587 28754
418 2588 94974
645 2589 82455
1217 2590 28901
903 2591 8873
753 2592 221
1727 2593 9863
2519 2594 22819
1231 2595 83383
215 2596 56351
1252 2597 31901
2300 2598 66349
1436 2599 74474
2565 2600 93010
1976 2601 57344
2372 2602 12837
1960 2603 85375
941 2604 94385
2579 2605 25449
1613 2606 27039
711 2607 86412
1356 2608 99042
286 2609 2725
609 2610 69860
1637 2611 4523
492 2612 13464
558 2613 83142
813 2614 99189
2362 2615 59942
1283 2616 34815
943 2617 91998
1205 2618 10900
346 2619 49134
355 2620 96754
1461 2621 90897
2570 2622 78382
299 2623 46937
737 2624 82059
433 2625 68321
820 2626 58777
872 2627 23030
1974 2628 30768
895 2629 32368
2114 2630 53816
1333 2631 47269
690 2632 11817
489 2633 98821
1606 2634 17505
1953 2635 78858
1731 2636 66729
1343 2637 76287
1324 2638 8242
1504 2639 18757
1187 2640 78388
578 2641 36557
838 2642 94370
89 2643 87774
1824 2644 92158
63 2645 85900
1928 2646 50786
704 2647 19437
1915 2648 90280
293 2649 36806
2608 2650 41130
1956 2651 49212
2335 2652 41737
1289 2653 33988
727 2654 20329
1990 2655 19364
1838 2656 5251
70 2657 16185
2428 2658 92797
2158 2659 3634
371 2660 66133
1602 2661 84789
1220 2662 86019
2342 2663 78579
2136 2664 98939
532 2665 30031
516 2666 90213
605 2667 80385
235 2668 14660
1835 2669 50170
1098 2670 91398
844 2671 2765
378 2672 93283
1989 2673 64747
140 2674 29034
568 2675 11577
528 2676 27941
2116 2677 9338
1221 2678 39458
1520 2679 12302
865 2680 55336
2198 2681 8424
359 2682 18127
1249 2683 26535
841 2684 49906
1563 2685 85505
467 2686 67343
402 2687 37553
829 2688 48144
588 2689 34049
14 2690 89874
896 2691 22669
823 2692 23036
2229 2693 19674
1080 2694 68688
966 2695 45170
2446 2696 47997
1951 2697 3826
98 2698 23639
1087 2699 82107
1137 2700 11973
714 2701 39340
2424 2702 88641
1836 2703 49568
223 2704 32409
774 2705 31615
412 2706 42791
204 2707 91604
1160 2708 27701
2523 2709 68896
1341 2710 69523
788 2711 89618
370 2712 51387
886 2713 61300
1680 2714 5168
2310 2715 5705
1054 2716 34390
191 2717 79315
637 2718 22476
564 2719 44478
2147 2720 47174
1481 2721 83449
2623 2722 31892
937 2723 33055
1800 2724 97987
2027 2725 4929
2420 2726 51382
1438 2727 71163
543 2728 97757
2269 2729 93344
129 2730 2910
180 2731 42927
1116 2732 27185
1979 2733 80821
597 2734 92638
48 2735 96770
1234 2736 34235
1981 2737 45435
1487 2738 3500
2255 2739 95167
217 2740 6978
719 2741 88345
314 2742 5546
2244 2743 83894
1023 2744 26684
1791 2745 85859
2634 2746 29913
337 2747 81436
1593 2748 56502
1169 2749 39446
467 2750 53958
2401 2751 98546
91 2752 55358
989 2753 30609
100 2754 37202
2401 2755 6612
2589 2756 45197
68 2757 39129
351 2758 78782
1839 2759 25094
1175 2760 89786
1702 2761 46186
571 2762 79013
86 2763 76390
25 2764 49943
1283 2765 19965
2274 2766 84102
2513 2767 96999
2346 2768 34415
2512 2769 20069
89 2770 60899
2038 2771 52371
1420 2772 7463
444 2773 59701
1037 2774 49410
444 2775 47547
2565 2776 23605
2345 2777 57201
1321 2778 23161
611 2779 26562
1750 2780 85752
2129 2781 63252
2652 2782 47907
874 2783 53373
71 2784 48625
1581 2785 73479
1365 2786 50802
557 2787 56429
2141 2788 908
503 2789 88125
563 2790 95294
1849 2791 26683
725 2792 45967
2788 2793 78081
380 2794 92341
1908 2795 2122
1842 2796 56582
1542 2797 82088
24 2798 90942
1129 2799 52872
621 2800 41171
1306 2801 56003
398 2802 11752
1729 2803 67657
591 2804 52856
2078 2805 42341
1638 2806 72757
2080 2807 39628
1606 2808 86440
669 2809 96916
1239 2810 41539
633 2811 53800
321 2812 71455
1893 2813 69295
2219 2814 27309
1230 2815 66471
801 2816 42145
2177 2817 17411
2765 2818 86637
532 2819 8225
2253 2820 64828
2243 2821 88355
1587 2822 3644
304 2823 17514
1127 2824 16373
2005 2825 37580
378 2826 96176
44 2827 34830
2476 2828 44169
1904 2829 9994
2078 2830 94574
637 2831 24181
1120 2832 5884
469 2833 34297
1044 2834 41078
1093 2835 53545
1694 2836 32947
893 2837 22352
299 2838 30421
563 2839 20352
854 2840 80063
2825 2841 79998
215 2842 70673
885 2843 999
2012 2844 40390
528 2845 61268
704 2846 84278
1055 2847 53542
284 2848 39239
1676 2849 76739
2513 2850 17975
352 2851 76010
797 2852 98626
1130 2853 63934
402 2854 68514
2555 2855 26492
2832 2856 62754
733 2857 86914
2011 2858 11511
56 2859 91047
313 2860 51648
1323 2861 5176
866 2862 66451
2741 2863 35765
663 2864 31133
1157 2865 59659
2310 2866 48854
747 2867 98865
1291 2868 30073
2209 2869 37253
1141 2870 44326
2429 2871 52976
14 2872 41741
2167 2873 62266
751 2874 58334
270 2875 28450
1998 2876 60796
295 2877 13908
912 2878 39538
368 2879 97527
2296 2880 60799
2112 2881 55261
1488 2882 7598
124 2883 47804
468 2884 2254
1091 2885 79051
2573 2886 3706
1725 2887 13087
723 2888 55320
1089 2889 23039
396 2890 8470
2818 2891 35476
1480 2892 48302
2705 2893 6641
2591 2894 88643
603 2895 81201
32 2896 10206
514 2897 8961
1657 2898 31040
750 2899 98772
2271 2900 1019
1021 2901 12892
2495 2902 17422
1313 2903 52469
1264 2904 34162
66 2905 8636
2701 2906 92914
2174 2907 97551
1217 2908 93934
978 2909 8427
2805 2910 94269
835 2911 79982
26 2912 5942
690 2913 44785
1304 2914 17661
2329 2915 46248
2836 2916 60675
2267 2917 3891
1308 2918 15922
1773 2919 37859
909 2920 65796
2347 2921 97973
2853 2922 6774
2808 2923 90630
1973 2924 88589
2244 2925 21107
2923 2926 20807
699 2927 3347
321 2928 68214
1414 2929 41365
1110 2930 7121
198 2931 30814
1074 2932 53489
1264 2933 56729
1408 2934 93449
1541 2935 62435
2315 2936 35178
2475 2937 56993
1864 2938 59870
1771 2939 71953
1920 2940 66717
1921 2941 95122
867 2942 69175
1873 2943 8746
1567 2944 31910
595 2945 961
1200 2946 31240
256 2947 98266
2723 2948 69507
820 2949 72733
721 2950 53121
491 2951 2562
787 2952 65527
1724 2953 17760
1503 2954 96102
1069 2955 93222
1915 2956 99058
1029 2957 40603
216 2958 88080
2507 2959 6892
1679 2960 84713
927 2961 65689
722 2962 93737
1241 2963 89623
2517 2964 30264
927 2965 16440
2555 2966 47877
2581 2967 71630
1505 2968 12289
119 2969 99278
1914 2970 57775
2809 2971 76400
1048 2972 67407
2509 2973 21659
169 2974 40369
1903 2975 46369
2699 2976 59267
2971 2977 68525
94 2978 19292
1805 2979 11224
1219 2980 24275
366 2981 18026
2150 2982 86
1010 2983 56772
1841 2984 78174
1630 2985 58486
2119 2986 26614
2170 2987 67556
696 2988 89112
2341 2989 22780
2137 2990 77558
1833 2991 33713
2227 2992 95811
2772 2993 13824
2791 2994 99840
1706 2995 33131
1029 2996 34508
1277 2997 39055
1735 2998 40995
47 2999 12009
1579 3000 91947
940 3001 92943
2741 3002 24016
1932 3003 38026
1950 3004 86422
1439 3005 44795
1296 3006 96364
98 3007 81832
751 3008 88757
1397 3009 98911
1281 3010 52744
2733 3011 52188
960 3012 51007
682 3013 63226
1612 3014 78821
2920 3015 51713
2486 3016 20203
2635 3017 99598
2313 3018 84047
2025 3019 68018
2092 3020 78508
1930 3021 57465
505 3022 29870
1776 3023 16941
130 3024 17733
588 3025 78813
2326 3026 39212
745 3027 28809
83 3028 56593
1946 3029 71308
403 3030 2585
2000 3031 52547
1344 3032 6900
2082 3033 31149
2032 3034 27060
2859 3035 52614
1076 3036 28397
1536 3037 18671
579 3038 91224
2055 3039 47940
52 3040 15599
1625 3041 30106
2675 3042 74346
881 3043 43698
2065 3044 59186
2575 3045 29564
2155 3046 14471
2441 3047 67345
2732 3048 79617
2646 3049 60015
793 3050 68083
2838 3051 79604
1568 3052 12588
1992 3053 62559
273 3054 28649
1817 3055 36281
160 3056 14485
1596 3057 88314
2660 3058 64332
1307 3059 55442
784 3060 30816
2585 3061 40836
2049 3062 52993
2338 3063 94573
919 3064 75615
2708 3065 29180
493 3066 55485
2028 3067 67649
578 3068 48159
2759 3069 75639
1341 3070 75647
1962 3071 73698
2288 3072 280
1929 3073 73778
3 3074 7709
2664 3075 30821
51 3076 14600
1965 3077 97820
2307 3078 92051
496 3079 50178
1157 3080 56195
3057 3081 77733
2414 3082 83949
1254 3083 52781
2652 3084 86527
2423 3085 61420
2215 3086 81365
52 3087 36342
2499 3088 6938
3036 3089 30407
1503 3090 96756
2200 3091 84536
1103 3092 35598
2675 3093 4386
1744 3094 28965
2688 3095 35908
2045 3096 76367
2021 3097 76607
1895 3098 61897
1852 3099 65923
1082 3100 49572
80 3101 50300
2874 3102 35154
2656 3103 21869
2249 3104 86527
1249 3105 70207
2673 3106 3223
494 3107 419
2868 3108 30794
1450 3109 59145
2284 3110 34976
543 3111 43512
2730 3112 95813
2182 3113 70178
1783 3114 84179
2602 3115 32024
3021 3116 91568
1534 3117 31642
1137 3118 82235
45 3119 87658
1967 3120 3528
2552 3121 88578
490 3122 6189
979 3123 42239
2136 3124 34933
2527 3125 74962
1490 3126 84647
1666 3127 20379
1439 3128 93654
2841 3129 57101
2783 3130 9294
2379 3131 81333
1243 3132 28871
1129 3133 77567
490 3134 68545
1284 3135 4384
2704 3136 27263
1969 3137 82449
1636 3138 9195
1827 3139 27458
2503 3140 56822
42 3141 99968
161 3142 70273
2218 3143 52044
2420 3144 7640
419 3145 86935
1946 3146 84692
2182 3147 99218
397 3148 77648
1572 3149 35634
2544 3150 66607
414 3151 2203
972 3152 77460
2511 3153 69569
2401 3154 23374
2656 3155 67349
63 3156 28200
1243 3157 65698
2886 3158 64214
1358 3159 33386
1530 3160 73778
2730 3161 94321
1891 3162 53754
1961 3163 65869
1712 3164 15664
1794 3165 55821
2331 3166 74121
1291 3167 81140
2505 3168 28675
1993 3169 51413
2888 3170 25415
513 3171 35470
2870 3172 45270
885 3173 16020
1696 3174 82936
1665 3175 34158
1484 3176 19696
852 3177 24667
952 3178 24933
844 3179 91872
1987 3180 37655
2465 3181 87541
791 3182 71956
1060 3183 8097
2694 3184 71886
865 3185 59238
1637 3186 2718
952 3187 4424
2225 3188 67928
1200 3189 4639
2724 3190 42147
1425 3191 60526
3022 3192 43442
541 3193 33325
937 3194 85256
2710 3195 16267
1354 3196 74866
420 3197 75740
1019 3198 71732
1075 3199 3059
1499 3200 90546
90 3201 13675
1133 3202 42283
761 3203 47325
3155 3204 70858
1163 3205 58931
3070 3206 67647
2063 3207 57304
1157 3208 60268
3047 3209 41384
2408 3210 79928
2177 3211 87105
961 3212 19233
1857 3213 84550
2717 3214 5957
1082 3215 35195
2420 3216 3426
54 3217 86549
2410 3218 83612
1083 3219 3337
2926 3220 63771
2264 3221 42146
1760 3222 35144
31 3223 95342
1502 3224 58816
564 3225 23255
2678 3226 40176
1232 3227 38011
1686 3228 15025
208 3229 9269
860 3230 24323
203 3231 88795
975 3232 61736
1081 3233 53837
2592 3234 62551
2779 3235 28421
1397 3236 47201
210 3237 76773
2422 3238 18838
384 3239 78155
2966 3240 94389
1906 3241 62598
1257 3242 72162
2711 3243 25602
880 3244 21407
446 3245 41098
1999 3246 91544
2965 3247 5980
1947 3248 94456
1857 3249 18126
3043 3250 14201
435 3251 60588
2504 3252 40028
1753 3253 20639
199 3254 18938
2977 3255 36922
1809 3256 36813
3186 3257 70995
1544 3258 69035
903 3259 18201
133 3260 12101
1281 3261 99774
1671 3262 38141
1350 3263 7120
1051 3264 32167
1706 3265 26595
1226 3266 8064
218 3267 9682
1741 3268 51846
1700 3269 59834
687 3270 85872
1744 3271 56840
2364 3272 263
1455 3273 65674
2441 3274 38021
1044 3275 21436
3184 3276 5248
293 3277 924
118 3278 5335
1955 3279 78574
1775 3280 23823
3243 3281 67571
1849 3282 39533
3080 3283 42549
1818 3284 24165
80 3285 29610
1572 3286 25826
262 3287 88582
506 3288 85764
2726 3289 81763
2893 3290 59894
889 3291 16369
2827 3292 64454
2920 3293 18200
176 3294 77045
1890 3295 89070
2758 3296 86313
369 3297 84995
1457 3298 72784
441 3299 52516
1585 3300 14917
1106 3301 57205
1685 3302 93544
1840 3303 419
1361 3304 41160
778 3305 17753
388 3306 47202
898 3307 17928
345 3308 23598
2305 3309 50532
736 3310 2526
1075 3311 18586
279 3312 65694
2396 3313 366
2602 3314 57951
228 3315 44346
318 3316 86409
207 3317 26129
396 3318 67925
2564 3319 86148
346 3320 34105
2909 3321 60668
561 3322 1877
1986 3323 14297
1173 3324 84940
2456 3325 64705
136 3326 23061
2308 3327 60077
2663 3328 53887
199 3329 29163
1734 3330 93666
718 3331 52799
44 3332 67711
151 3333 12396
406 3334 14260
2638 3335 20142
2047 3336 36133
932 3337 56505
2393 3338 52458
1845 3339 68863
487 3340 5143
1489 3341 1503
349 3342 33273
1310 3343 93952
2873 3344 54399
1391 3345 53553
3190 3346 56603
628 3347 37547
2508 3348 13095
1068 3349 31970
1611 3350 33172
187 3351 26229
2283 3352 63736
667 3353 39357
734 3354 94125
1197 3355 7079
291 3356 43777
3102 3357 70141
2341 3358 4898
2049 3359 43885
201 3360 90991
2242 3361 3287
1703 3362 17967
2868 3363 46965
940 3364 33108
1102 3365 4566
423 3366 37472
3124 3367 42152
398 3368 50489
1289 3369 53008
1363 3370 62959
830 3371 33993
1928 3372 19221
52 3373 62682
556 3374 78773
1607 3375 54697
1453 3376 15903
3251 3377 24250
1232 3378 94306
2515 3379 37741
390 3380 47704
2621 3381 82961
2224 3382 93647
2459 3383 84725
1045 3384 84732
787 3385 95458
3333 3386 5420
2587 3387 81657
266 3388 49547
910 3389 25195
2741 3390 36088
615 3391 89380
1371 3392 63030
2597 3393 16749
3329 3394 99182
1246 3395 52011
867 3396 63049
650 3397 39343
1391 3398 98926
2999 3399 87589
3260 3400 58936
1778 3401 67965
2182 3402 69815
539 3403 292
55 3404 87870
1419 3405 32417
301 3406 56812
2980 3407 90957
1238 3408 86086
3147 3409 58773
127 3410 49143
3312 3411 11341
2648 3412 20829
2904 3413 45128
48 3414 1298
1528 3415 32245
2876 3416 50403
2106 3417 56593
300 3418 94852
1681 3419 9235
2137 3420 69164
3281 3421 25013
2114 3422 668
2364 3423 68340
1023 3424 98361
1461 3425 92429
2241 3426 53263
1180 3427 83537
2942 3428 87841
2555 3429 34595
3389 3430 66935
147 3431 31439
2804 3432 73738
884 3433 3855
1969 3434 41900
1176 3435 51046
134 3436 46119
2765 3437 4423
1214 3438 92125
1175 3439 70012
3420 3440 27733
1035 3441 27282
2294 3442 58840
2687 3443 51246
1187 3444 30298
1169 3445 54845
2280 3446 53289
1681 3447 88226
235 3448 1787
2824 3449 67388
992 3450 37551
2399 3451 21458
6 3452 19843
2660 3453 42420
1237 3454 10031
1953 3455 11827
1747 3456 48037
2840 3457 88885
1424 3458 8211
1069 3459 90338
1285 3460 44383
580 3461 99194
1771 3462 6756
533 3463 90797
3266 3464 21242
3393 3465 33256
1613 3466 37938
299 3467 31070
2770 3468 62756
1105 3469 91105
11 3470 87349
1525 3471 65333
492 3472 15696
1398 3473 68497
3173 3474 98963
1621 3475 8651
2463 3476 10671
2799 3477 63703
1151 3478 75808
3010 3479 25727
555 3480 27532
1305 3481 22755
552 3482 79828
2308 3483 76682
1103 3484 58964
188 3485 35495
667 3486 98935
19 3487 14534
566 3488 36724
2783 3489 63573
2615 3490 15574
3443 3491 14202
3237 3492 32547
2021 3493 28018
2962 3494 44179
3041 3495 2558
1913 3496 60357
1129 3497 65773
1369 3498 85290
2305 3499 47328
1069 3500 70555
640 3501 70505
1017 3502 28161
2860 3503 85319
1353 3504 17981
1353 3505 84046
1885 3506 64847
3111 3507 47205
2601 3508 20897
524 3509 36096
1389 3510 53340
2634 3511 81632
422 3512 15715
3321 3513 14391
3199 3514 79372
447 3515 58094
2310 3516 571
3386 3517 86781
1220 3518 22270
1728 3519 92483
2590 3520 23585
616 3521 23919
3082 3522 18058
1574 3523 91824
1127 3524 89242
109 3525 25957
2892 3526 85996
2189 3527 88081
61 3528 39055
3518 3529 81782
2497 3530 44214
1366 3531 32736
3329 3532 35089
3310 3533 95794
301 3534 86999
1481 3535 94322
2011 3536 76258
956 3537 70957
1873 3538 69984
1271 3539 97258
369 3540 58654
1542 3541 48410
1567 3542 73679
391 3543 96622
1392 3544 73213
2068 3545 75365
1339 3546 31192
1781 3547 45956
1664 3548 1271
1198 3549 6594
632 3550 37012
1834 3551 94427
1858 3552 90786
3481 3553 61063
1062 3554 5762
3096 3555 19915
643 3556 72766
1288 3557 87001
1188 3558 96552
2509 3559 12693
1942 3560 37227
357 3561 21535
3323 3562 3776
669 3563 97254
328 3564 81860
2579 3565 1271
935 3566 10071
3024 3567 21106
131 3568 65566
3173 3569 7234
3556 3570 93691
2214 3571 44163
2864 3572 9298
2497 3573 15265
1060 3574 45914
2083 3575 92546
1341 3576 83193
3131 3577 38470
2237 3578 64267
2100 3579 35709
2705 3580 30157
2340 3581 54392
1247 3582 42533
1194 3583 68770
797 3584 67403
1570 3585 78303
3015 3586 32263
3144 3587 5539
2356 3588 90551
2790 3589 36756
3418 3590 15965
1738 3591 20261
2753 3592 62888
976 3593 20211
3460 3594 91893
1799 3595 87538
2658 3596 68960
3035 3597 81225
3146 3598 49049
2798 3599 74042
3490 3600 37134
2466 3601 65313
2641 3602 90016
3540 3603 2978
491 3604 28403
2800 3605 32053
290 3606 15434
1216 3607 88437
2123 3608 63708
1256 3609 2771
960 3610 49027
1755 3611 37283
2449 3612 39057
300 3613 64071
834 3614 37972
1352 3615 59648
3031 3616 76383
2345 3617 9687
3342 3618 98290
1435 3619 85482
954 3620 92492
2806 3621 44968
170 3622 48224
2567 3623 47843
1084 3624 12570
376 3625 64159
2898 3626 42901
2937 3627 53159
1159 3628 57000
1102 3629 64964
704 3630 83110
272 3631 95499
908 3632 95917
2831 3633 68322
1484 3634 36927
2758 3635 33040
1321 3636 73101
3411 3637 78814
1937 3638 13415
617 3639 58059
2384 3640 92647
3495 3641 50122
3358 3642 25661
2981 3643 40363
2429 3644 58206
1296 3645 45700
631 3646 65173
1426 3647 77906
932 3648 33377
767 3649 22777
2652 3650 93863
958 3651 70574
2248 3652 1704
2003 3653 50216
202 3654 74745
3540 3655 15232
2203 3656 67126
3369 3657 18261
2806 3658 16492
1133 3659 61639
2924 3660 26868
2515 3661 19930
1455 3662 42671
848 3663 12429
1093 3664 8919
569 3665 14840
1024 3666 87785
588 3667 14575
2366 3668 30410
1598 3669 31347
1703 3670 90849
2294 3671 74721
732 3672 18134
2903 3673 1295
3316 3674 29262
475 3675 1532
741 3676 49911
345 3677 45236
1010 3678 28599
3288 3679 18925
3486 3680 7782
1009 3681 31803
99 3682 41778
2219 3683 49170
1834 3684 93497
2062 3685 69640
1086 3686 87218
2193 3687 71287
2373 3688 34676
2190 3689 97955
990 3690 74812
1961 3691 43213
261 3692 25933
2901 3693 52592
210 3694 35678
1711 3695 71956
3192 3696 18299
1922 3697 49364
3369 3698 24854
3355 3699 50903
2778 3700 31617
249 3701 52521
1900 3702 14509
3188 3703 81845
2679 3704 51265
2473 3705 31788
1612 3706 19931
599 3707 19057
2993 3708 33613
2302 3709 41630
626 3710 78887
2217 3711 15599
343 3712 40212
2998 3713 73713
1145 3714 87450
3098 3715 77622
2713 3716 17507
965 3717 70577
3239 3718 37346
306 3719 72795
940 3720 11699
740 3721 67808
3003 3722 38640
137 3723 74832
3382 3724 80802
1238 3725 88259
2973 3726 75468
2701 3727 33455
3641 3728 50231
1362 3729 91933
3473 3730 55824
2785 3731 30538
1345 3732 3260
2699 3733 61318
715 3734 11090
255 3735 69338
1674 3736 15438
1372 3737 23915
3032 3738 72005
3210 3739 75018
2655 3740 57042
819 3741 60239
1689 3742 38494
3281 3743 82464
738 3744 31428
144 3745 56731
2247 3746 34129
2736 3747 77803
2909 3748 69442
2596 3749 48097
2792 3750 17459
2441 3751 70877
382 3752 58264
389 3753 19445
292 3754 69217
1753 3755 32024
1705 3756 10953
813 3757 69660
2869 3758 91516
755 3759 19569
2345 3760 75519
419 3761 51790
1408 3762 91302
2059 3763 85822
3037 3764 22741
47 3765 15987
3103 3766 56093
3165 3767 10459
1823 3768 83862
3122 3769 69041
2291 3770 24534
3217 3771 38639
3326 3772 68112
2422 3773 49468
3767 3774 55735
3387 3775 75922
2738 3776 63129
1306 3777 21871
569 3778 7263
2311 3779 35219
240 3780 21028
2737 3781 65332
440 3782 41768
2877 3783 51743
1977 3784 61459
3333 3785 73810
902 3786 9400
1615 3787 54989
277 3788 4659
694 3789 53320
2308 3790 74712
1864 3791 5201
3170 3792 67512
284 3793 67865
2380 3794 22055
1765 3795 21694
2682 3796 43895
2093 3797 14212
2453 3798 33937
1683 3799 98207
2491 3800 13889
787 3801 29380
2760 3802 51130
615 3803 10912
3312 3804 67791
721 3805 13007
2644 3806 64755
545 3807 88539
3504 3808 65044
2322 3809 87923
1564 3810 26508
3148 3811 76162
3726 3812 19474
91 3813 62705
2046 3814 69957
3592 3815 42788
2607 3816 51381
185 3817 93129
2798 3818 55186
1814 3819 36436
3018 3820 43499
1901 3821 46116
3028 3822 14114
3271 3823 41567
2365 3824 79467
2325 3825 77022
3593 3826 44881
966 3827 65563
197 3828 58391
166 3829 606
724 3830 57825
1210 3831 17560
3472 3832 63837
871 3833 88411
2914 3834 59895
1506 3835 76917
840 3836 92261
1664 3837 81958
3409 3838 29601
20 3839 42052
534 3840 98037
1480 3841 81759
125 3842 48361
717 3843 49223
677 3844 47315
1340 3845 7950
1624 3846 17099
3647 3847 3160
3014 3848 3962
3647 3849 255
1495 3850 90087
1204 3851 16032
2801 3852 44829
823 3853 59633
3494 3854 64416
534 3855 59806
1360 3856 70624
735 3857 95089
3426 3858 40025
412 3859 27194
2381 3860 58257
334 3861 78534
1307 3862 11229
2052 3863 28364
231 3864 34980
3257 3865 68475
1013 3866 65823
1289 3867 48245
2878 3868 45609
1037 3869 77189
1462 3870 50420
251 3871 82534
3791 3872 83373
1521 3873 68621
1711 3874 90960
244 3875 6
2528 3876 46892
3206 3877 45199
1734 3878 88299
1672 3879 22083
687 3880 59344
276 3881 12077
2315 3882 3730
1429 3883 70256
2930 3884 37255
1664 3885 68343
199 3886 29157
2705 3887 53571
1643 3888 36330
2234 3889 18602
3529 3890 98878
3531 3891 18559
975 3892 3203
3 3893 58309
3843 3894 54223
2104 3895 32306
243 3896 70044
3308 3897 71450
2737 3898 9782
666 3899 99576
1669 3900 3830
923 3901 37047
3319 3902 92135
1301 3903 32938
887 3904 11767
2104 3905 81868
500 3906 25449
1629 3907 11451
3326 3908 87998
875 3909 16170
1411 3910 59087
440 3911 25351
2393 3912 72225
3566 3913 33334
2707 3914 70947
2329 3915 66268
1348 3916 18758
3830 3917 81749
2827 3918 97288
1811 3919 58989
407 3920 31888
2237 3921 47023
771 3922 32360
3085 3923 90960
838 3924 43206
3840 3925 32957
3168 3926 28685
1058 3927 25817
3056 3928 94274
1187 3929 2052
2041 3930 3851
2777 3931 15000
3902 3932 78873
2895 3933 17099
1821 3934 84378
1246 3935 11755
2307 3936 66790
1661 3937 35985
3665 3938 21007
1599 3939 98132
3023 3940 68597
188 3941 29543
1755 3942 14400
2604 3943 72668
469 3944 74688
1236 3945 64455
1774 3946 85535
1896 3947 36051
368 3948 86778
397 3949 87073
3459 3950 62263
1022 3951 46606
1944 3952 88705
1194 3953 22062
3640 3954 20646
53 3955 61068
226 3956 46991
3103 3957 97046
3612 3958 28583
3780 3959 15664
2630 3960 8423
3942 3961 92924
1150 3962 82957
1830 3963 31892
3841 3964 61774
2322 3965 11250
1981 3966 83739
3582 3967 29225
1296 3968 22363
1973 3969 75341
788 3970 59096
206 3971 44388
2576 3972 47038
798 3973 67733
1539 3974 54556
3023 3975 21569
2881 3976 13061
3571 3977 34368
1746 3978 40169
2868 3979 5792
1918 3980 83107
3435 3981 4297
1605 3982 48502
3868 3983 46061
1225 3984 47017
3136 3985 28313
548 3986 87763
334 3987 59642
2998 3988 65907
3646 3989 77231
2066 3990 95670
3548 3991 56451
3338 3992 13227
596 3993 32649
2131 3994 77787
3956 3995 38999
1423 3996 72825
577 3997 54502
1269 3998 98417
3614 3999 36849
2818 4000 23042
