0000000000000000000000000000000000000000000000000000000000000000000000000000000000000000000000000000
0000000000000000000000000000000000000000000000000000000000000000000000000000000000000000000000000000
0000000000000000000000000000000000000000000000000000000000000000000000000000000000000000000000000000
0000000002222200000000000000000000002022220000000000000000000000000000000001111110000000000000000000
0000000002222200000000000000000000002000020000000000000000000000000000000001111110000000000000000000
0000000002222200000000000000000000002000020000000000000000000000000000000001111110000000000000000000
0000000002222200000000000000000000002000020000000000000000000000000000000000000000000000000000011111
0000000002222200000000000000000000002000020000000222200000000000000000000000000000000000000000011111
0000000002222200000000000000000000002222220000000222200002222022220000000000000000000000000000011111
0000000000000000000000000000000000000000000000000222200002000000020000000000000000000000000000011111
0000000000000000000000000000000000000000000000000222200002000000020000000000000000000000000000000000
0000000000000000000000000000000000000022222022220222200002000000020000000000000000000000000000000000
0000000000000000000000000000000000000020000000020000000000000000020000222222202200000000000000000000
0000000000000000000000000000000000000020000000020000000002000000020000200000000200000000000000000000
0000000000022202222220000000000000000020000000020000000002000000000000200000000200000000000000000000
0222222000020000000020000000000000000020000000020000000002000000020000200000000200000000000222222000
0222222000020000000020000000000000000000000000020000000002222222020000200000000200000000000222222000
0222222000020000000020000000000000000020000000020000000000000000000000200000000200000000000222222000
0222222000020000000020000000000000000020000000020000000000000000000000200000000200000000000222222000
0000000000020000000000000000000000000020000000020000000000000000000000200000000202222222202000000000
0000000000020000000020000000000000000022222222220000022222000000000000200000000202000000002000000000
0000000000020000000020000000000000000000000000000000022222000000000000222222220202000000002000000000
0000000000020000000020000000000000000000000000000000022222000000000000000000000002000000002000000000
0000000000022222222220000000000000000000000000000000022222000000000000000000000002000000002000000000
0000000000000000000000000000000000000000000000000000022222000000000000000000000002000000002000000000
0000000000000000000000000000000000000000000000000000022222000000000000000000000002000000000000000000
0111100000000000000000000000000000000000000000000000000000000000000000000000000002000000002000000000
0111100000000000000000000000000000000000000000000000000000000000000000000000000002000000002000000000
0111100000000000000000000000000000000000000000000000000000000000000000000000000002222222222000000000
0002220000000000000000000000000000000000000000000000000000000002220002222000000000000000000000000000
0002220000000000000000000000000000000000000000000000000000000002220002222000000000000000000000000000
0002220000000000000000000000000000000000000000000111100000000002220002222000000000000000000000000000
0002220000000000000000000000000000000000000000000111100000000002220002222000000000000000000000000000
0002220000000000000000000000000000000000000000000111100000000000000002222000000000000000000000000000
0000000000000000000000000000000000000000000000000111100000000000000002222000000000000000000000000000
0000000000000000000000000000000000000000000000000111100000000000000000000000000000000000000000000000
0000000000000000000000000000000000000000000000000111100000000000000000000000000000000000000000000000
0000000000000000000000000000000000000000000000000000000000000000000000000000000000000000000000000000
0000000000000000000000000000000000000000000000000000000000000000000000000000000000000000000000000000
0000000000000222222000000000000000000000000000000000000000000000000000000000000000000000000000000000
0000000000000222222000000222220022222222022000000000000000000000000000000000000000000000000000000000
0000000000000222222000000222220020000000002000000000000000000000000000000000000000000000000000000000
1111100000000000000000000222220020000000002000000000000000000000000000000000000000000000000000000000
1111100000000000000000000222220020000000002000000000000000000000000000000000000000000000000000000000
1111100000000000000000000222220020000000002000000000000000000000000000000000000000000000000000000000
0000000000000000000000000000000020000000002000000000000000000222222222001110000000000000000000000000
0000000000000000000000000000000020000000002000000000000000000000000002001110000000000000000000000000
0000000000000000000000000000000000000000002000000000000000000200000002001110000000000000000000000000
0000000000000000000000000000000020000000002000000000000000000200000002001110000000000000000000000000
0000000000000000000000000000000020000000002000000000000000000200000002001110000000000000000000000000
0000000000000000000000000000000020222222222000000000000000000200000000001110022222022222000000000000
0000000000000000000000000000000000000000000000000000000000000200000002000000000000000002000000000000
0000000000022222220222000000000000000000000000000000000000000200000002000000020000000002000111000000
0000000000020000000002000000000000000000000000000000000000000222222022000000020000000002000111000000
0000000000020000000000000000000000000000000000000000000000000000000000000000020000000002000111000000
0000000000020000000002000000000000000000000000000000000000000000000000000000020000000002000000000000
0000000000020000000002000000000000000000000000000000000000000000000000000000020000000002000000000000
0000000000020000000002000022222220000000000000000000000000000000000000000000020000000002000000000000
0000000000020000000002000022222220000000000000000000000000000000000000000000020000000002000000000000
0000000000020000000002000022222220000000000000000000000000000000000000000000020000000002000000000000
0000000000020000000002000000000000000000000000000000000000000000000000000000022220222222000000000000
0000000000020000000002000000000000000000000000000000000000000000000000000000000000000000000000000000
0000000000022222202222000000000000000000000000000000000000022222200000000000000000000000000000000000
0000000000000000000000002222000000000000000000000000001111120000200000000000000000022222000000000000
0000000000000000000000002222000000111000000000000000001111120000000000000000000000022222000000000000
0000000000000000000000002222000000111000000000000000001111120000200000000001111111022222000000000000
0000000000000000000000002222000000111000000000000000001111120000200000000001111111022222000000000000
0000000011111000000000002222000000111000000000000000000000022220200000000001111111022222000000000000
0000000011111000000000000000000000000000000000000000000000000000000000000001111111000000000000000000
0000000011111000000000000000000000000000000000000000000000000000000000000001111111000000011110000000
0000000011111000000000000000000000222222200222220000000000000000000000000001111111000000011110000000
0000000000000000000000000000000000222222200222220000002222000000000000000001111111000000011110000000
0000000000000000000000000000000000222222200222220000002222000000000000020222222222000000011110000000
0000000000000000000000000000000000222222200222220000002222000000000000000000000002000000011110000000
0000000000000000000000000000000000222222200222220000002222000000000000020000000002000000011110000000
0000000000000000000000000000000000222222200000000000000000000000000000020000000002000000000000000000
0000000000000000000000000000000000000000000000000000000000000000000000020000000002000000000000000000
0000000000000000000000000000000000000000000000000000000000000000000000020000000002000000000000000000
0000000000000000000002222200000000002222222000000000000000000000000000020000000002000000000000000000
0000000000000000000002222200000000002222222000000000000000000000000000020000000002000000000000000000
2220000000000000000002222200000000002222222000000000000000000000000000020000000002000000000000000000
2220000000000000000002222200000000002222222000000000000000000000000000020000000002000000000000000000
2220000000000000000002222200000000002222222000000000000000000000000000022222222222000000000000000000
2220000000000000000002222200000111002222222000000000000000000000000000000000000000000000000000000000
2220000000000000000002222200000111000000000000000000000000000000000000000000022220000000000000000000
0002222222000000000000000000000111001111100000000001111110000000000000000000022220000000000000000000
0002222222000000000000000000000111001111100000000001111110000000000000000000022220000000000000000000
0002222222000000000000000000000111001111100000000001111110000000000000000000022220000000000000000000
0002222222000000000000000000000111001111100000000001111110011110000000000000022220000000000000000000
0002222222000000000000000000000000001111100000000001111110011110000000000000022220000000000000000000
0002222222000000000000000000000000000000000000000001111110011110000000000000022220000000000000000000
0002222222000000000000000000000000000000000000000000000000011110000000000000000000000000000000000000
0000000000000000000000000000000000000000000000000000000000000000011110000000000000000000000000000000
0000000000000000000000000000000000000000000000000000000000000000011110000000000000000000002222222220
0000000000000000222222000000000000000000000000000000000000000000011110000000000000000000002000000020
0000000000000000000002000000000000000000000000000000000000000000000000000000000000000000002000000020
0000000000000000200000000000000000000000000000000000011100000000000000000000000000000000002000000020
0000000000000000200002000000000000000000000000000000011100000000000000000000000000000000002000000020
0000000000000000200002000000000000000000000000000000011100000000000000000000000000000000002000000000
0000000000000000220222000000000000000000000000000000011100000000000000000000000000000000002202222220
