500
196421940 690032163
520058569 587170590
688426449 563173695
815149052 423579279
239399619 780886994
905043853 528648790
270316622 670420658
4996639 299452082
283712147 875244376
194759617 126402883
961726435 401331750
319016298 733345696
595422040 195950860
396039394 195628911
731467043 562958318
484617998 615707174
679468887 572504713
522215188 454213487
471597382 282541052
766877568 926366241
842082347 567044749
220912612 784068951
798458578 213062981
809900998 895352837
216414344 245931631
80442549 450168846
292164120 712182632
269399529 172639735
430697314 355893742
390360625 711117615
542832835 388149193
418889430 527729330
438006115 806624795
386662826 446359656
910901100 247171266
673411416 423110926
22455207 658178592
880337483 218292386
790449738 540121212
777312032 862513962
545188889 931194231
714641095 562309566
639581098 35299289
916539808 767724896
885152579 682461957
480414188 423452638
891035013 789667712
183584048 888329166
747187035 915236754
597778347 857085596
664182003 685143502
650790991 405048740
337455150 421683943
196533389 95377759
805647982 83441275
748784537 534327443
419200157 104139044
380705643 147359954
909287732 641324261
400791105 524123998
605107961 229574216
308320645 721718333
535159743 668955661
30683825 602554024
797196662 829039770
468467120 685160634
550265321 168054106
774149676 61777663
339616074 246210986
899822776 597559683
434686641 997556681
723366751 477544937
369207894 672955692
45471607 637455292
820043054 376750016
327070882 873682923
200377965 520993503
32491350 289292165
384322513 217091817
849501467 656889788
282284426 816848049
934466598 155515980
92294471 492378983
2387288 968943369
147272849 357666796
479344517 943338021
496005744 402313703
553814265 779124089
445709028 217783004
928923906 310670142
637894086 484344042
306379894 520239359
113837960 372259629
732171094 171056658
444241346 11369083
413855518 316836366
437966342 118876602
946738923 410874111
210939552 985690621
956762915 895556113
406475496 764250949
119759054 290091053
429849916 900064121
482034418 825180402
407609347 134199735
985826464 844057933
873069386 675369085
390094821 880051153
7241133 657606670
613711746 294389997
667379674 307405492
575923677 587422262
150301042 117191786
351598145 51776864
887791708 471807364
288601322 841216919
288658531 613827273
799271300 920595392
43068725 658400655
925438621 751225671
953088718 414771798
771431875 473809578
301311229 352390151
524204269 911682880
201598892 393918881
316330213 319637640
826428178 709965134
383893051 605704439
604378782 763478885
491791170 994311101
257860751 406237557
516435246 504792343
451650015 700420584
349835716 871920512
944122429 849130218
27416907 551035638
4862873 783640307
743807034 531208767
32487705 160142853
731305877 948010125
239179786 610141874
3991508 837504287
315799789 917504459
508768049 94903290
913411763 134807044
85591454 198458756
335012484 147516748
928856570 266761210
617871810 729153678
470949242 820985642
102358553 573342350
668451150 958492266
800620329 116310386
118241356 680710206
295264968 939448400
210352512 429463450
166389936 923534266
922593423 140851496
779241669 739534349
821724770 900267250
652649903 41822098
241859630 613580906
246500007 291542167
5322879 670513495
460971737 801151278
283920494 110675856
752147895 771964470
352378727 210813048
220454104 628010283
397261704 562164036
493026441 932548130
295095187 974474637
361029668 904417309
581624051 942230200
702050645 902730692
54929384 60409801
571230751 419477921
689304593 403912332
826681814 273941354
163518257 643162500
466002359 152617437
667704712 799303934
468039149 621219816
911011232 294975814
470506975 643397778
521484541 502065071
353022672 208760445
209850298 856816657
161046731 328262689
446563573 109616308
7018092 597012196
992640928 968016675
54233619 416366744
993961678 772270713
413911407 362449092
828437312 894297038
420900146 203030800
421045531 405058128
151083622 877346580
588893761 873385429
497620798 227178551
52694727 240480999
521342786 592608835
366331290 711213438
204741301 782761736
201304746 940935459
359800744 168134875
346004052 584103016
474982445 7666834
669179082 734690001
615154874 578410214
172632580 629458953
288109819 492313312
487360931 345526792
745603833 881242672
607442285 733795678
686728622 993932196
527158833 67798272
722459853 819194378
67213915 692044792
523143053 771736708
384458227 12579949
443108626 314278487
874423568 821201364
643709843 281153326
605104053 96637419
615282001 961855667
387391052 75709954
77696776 962010378
98600812 909668873
615141454 699422026
340402042 29197980
720798985 18501983
336837080 851076322
224923751 799490968
949895436 283805795
659400596 775392036
258833905 960890107
544818164 550776154
695178067 128295968
363615469 123654766
428504990 741069657
504080178 145592614
939721705 516547667
527481244 85089996
345014587 194701943
255579246 207186242
610868612 682275357
416724311 666496963
599732329 519084983
278595285 979247417
666534877 26961082
952098147 340410963
96561906 838241464
946404631 256836002
838938311 517371538
620874119 339590994
578698027 490907325
327654884 419501056
173803376 781999543
321669643 752473044
367177721 836392678
546979664 521961751
481109197 646760564
533149460 316383778
490456183 986099712
566511559 921572668
718114832 554935548
238463542 4117514
68068150 960072798
444818996 415859788
447018297 419729991
497949688 794893065
394421705 116821304
895197681 393734221
477887200 5603742
404696996 107400887
334014476 79458848
76720980 73809178
41146490 509822160
538072017 134984127
499945287 827771244
847705969 471154944
114405671 835189346
260667067 580299141
474922418 605462852
135085964 886370419
865494668 715965386
73622191 312800880
367519548 558871001
474753354 857540751
364689453 57011299
461849455 401967638
445421644 353016287
768533279 78633733
722720924 281325824
22682505 858842766
880310964 508455918
47664626 406949735
691474140 735457076
746791429 15197802
437189777 612321855
130014088 758322458
291223516 852172854
543083793 948786682
414976885 469196943
634649499 683557568
899268039 142904679
715083476 84232539
19159752 202483034
769372783 616318589
441711551 677600885
776809056 370215378
569686090 405106448
944326523 5026580
177889754 537111480
939703064 308222207
837822836 920431581
195118521 201203394
39515448 999013606
165985340 29363304
439941860 925783483
332694316 17202511
930509 21677744
882734656 374078244
434153038 739300818
861209051 33489282
825742061 828803486
734290255 948501609
796275789 871859092
520662268 199214022
602510860 53569436
604945275 629366361
552198721 551831967
798051303 693766434
577458290 327287949
429348927 403608512
209004305 217730129
92028524 115209962
525814131 208345942
421309815 592634630
291115327 957412741
516865476 609628176
517352246 838741705
566245526 600585195
867736464 513729915
590202485 268486779
355820594 464294868
499383641 762170746
777599353 704833796
567723016 873286896
801641214 32829907
766432576 187814438
208730113 200679083
724841342 340918234
767979844 342138622
564098257 146589952
619897550 11477604
223862474 119648126
14589202 481312283
53952579 46555644
885204070 162302559
52267951 939668367
332548309 33899864
102408368 925099885
548969399 970498928
801361640 245455002
212995241 790796329
177708384 583441531
609245938 731178116
793164965 393635406
845179857 737930136
664887557 498785419
775835870 417199879
907355058 888445951
975796309 736222267
704118773 609143178
65612956 4350605
995919520 534518101
46891137 211653133
160402382 539700847
58698331 9829252
744069045 709545985
946035235 509941095
419266031 856094289
607284795 128606169
990000137 823047845
839628154 796993172
790831080 678624970
833323204 42204888
898588803 882634091
345101591 304926347
625104430 649921888
429189421 326428687
660782268 956850517
22339485 549912798
455312444 330771019
225203078 14389341
446334140 778057901
141061638 422687821
774527094 991189882
526596959 379880577
989614682 196040007
667486079 619489921
105371365 770764435
774534659 961492750
536873838 23623217
914215173 705894263
823530692 962041879
396675862 619654471
721559378 737055236
597542919 460039272
716030564 281732753
207400270 583112466
227828649 864261652
178383006 892150271
319630972 901263576
552747879 631639053
152225389 640138980
371545944 596574175
186992401 625573804
458032520 464300047
703648888 311601620
340376388 624215525
529081414 116209254
992359819 608208091
888670410 789576294
354704997 823791500
236718737 3623925
766158727 528150545
466005660 257593618
89961793 832207727
312682589 264895335
44555701 281020216
462583032 60145232
17203855 334664834
491468729 737811971
919867270 537081743
199159564 422915418
756217249 291996279
327908710 328851935
180969494 193911771
40349834 724867238
291358252 827408200
607827457 720967386
231245386 100445279
676772151 5429286
244682381 723983872
5524949 645883358
939476225 694597175
94577459 872709335
218961301 142105956
45407454 773204788
177578779 741369226
685866421 581738869
654928358 239225386
533409428 858596956
827251478 224636626
175273962 267848863
395126399 493748862
845054159 152053109
519079589 716318781
500841027 451358098
43760566 728648162
605668659 293054201
889218657 165552942
283113786 653809359
760627706 389681183
251632523 259483032
270823307 278088590
79724347 551007025
525292530 730809608
842812690 452512595
777956628 244981991
192905955 898274299
509552501 710766372
80974712 971911424
805647617 670829800
267881420 494616015
833437749 91539988
777917468 943590789
10879499 835872469
972787071 316148673
658702702 491894524
511435918 408761936
257937848 130767109
900617503 570840533
117499166 244480445
187602358 226547506
680671991 340464322
875349520 592786565
366475253 788486605
70379060 848498678
392029591 62281708
905429093 474509015
105983528 629872751
950290986 538371446
394595472 505648615
934123105 472469534
309451261 782031229
