1000
1 446 8973
2 434 1188
3 51 9258
4 491 1918
5 79 31324
6 650 5376
7 156 13490
8 383 24015
9 449 31507
10 427 19497
11 319 9681
12 309 30747
13 994 29569
14 198 11252
15 18 20747
16 473 3321
17 666 26621
18 289 15450
19 774 26405
20 442 1125
21 903 14686
22 925 26106
23 110 7850
24 862 6719
25 581 23425
26 102 23700
27 593 29289
28 632 4298
29 771 7111
30 524 6543
31 153 28661
32 457 29485
33 884 30612
34 1000 26229
35 344 5668
36 800 26613
37 535 722
38 476 30578
39 105 17296
40 529 5010
41 498 24171
42 446 5592
43 944 13593
44 682 2773
45 947 16082
46 649 23197
47 669 5218
48 489 21881
49 311 635
50 302 30939
51 904 5711
52 319 151
53 834 22622
54 709 6223
55 109 10637
56 577 16687
57 175 30329
58 760 16347
59 785 13578
60 986 9894
61 656 24651
62 523 20485
63 119 26233
64 706 23875
65 240 15706
66 867 3446
67 842 4303
68 657 177
69 428 16301
70 466 15227
71 651 6857
72 789 32384
73 407 6738
74 295 18055
75 310 32100
76 628 2212
77 239 2009
78 700 32431
79 391 21091
80 827 6132
81 829 24792
82 630 25132
83 334 29388
84 826 32429
85 653 16997
86 310 30685
87 118 9579
88 949 2796
89 938 17567
90 703 14787
91 629 23886
92 184 14647
93 904 16677
94 363 3971
95 172 2119
96 812 30453
97 952 10653
98 997 22759
99 843 28013
100 581 29937
101 437 28207
102 402 2141
103 640 7068
104 201 2523
105 128 29703
106 118 19830
107 842 26608
108 539 9415
109 414 7127
110 947 20329
111 722 31822
112 774 20397
113 838 22610
114 355 30606
115 325 30171
116 753 16871
117 928 21682
118 149 19427
119 483 4995
120 458 693
121 861 11059
122 751 22922
123 290 29811
124 776 7100
125 669 11158
126 825 12105
127 583 26271
128 416 23427
129 999 12703
130 183 26633
131 908 17726
132 533 10229
133 560 2967
134 967 17751
135 626 26441
136 751 24803
137 940 28874
138 598 23014
139 981 7679
140 516 21119
141 279 2058
142 928 17419
143 469 17252
144 994 14305
145 792 32299
146 553 30784
147 709 22717
148 298 19845
149 397 11397
150 764 7073
151 427 13589
152 961 29643
153 722 20341
154 275 28274
155 589 17339
156 190 24950
157 206 19676
158 536 18071
159 622 21186
160 189 26158
161 996 2719
162 218 6683
163 378 29056
164 234 15614
165 667 21797
166 803 6570
167 545 24336
168 263 28374
169 548 21980
170 178 23318
171 394 2256
172 470 17674
173 205 6580
174 313 5077
175 545 6371
176 784 19409
177 897 10146
178 663 25474
179 553 5296
180 964 25800
181 951 10015
182 607 11864
183 858 2913
184 473 26988
185 606 5798
186 654 1978
187 770 21606
188 880 23971
189 363 4665
190 912 11438
191 724 24047
192 763 12852
193 947 10717
194 831 3677
195 653 2933
196 453 5963
197 842 18458
198 683 27796
199 406 9266
200 719 24310
201 313 10364
202 858 70
203 430 20899
204 365 28586
205 691 24084
206 228 13832
207 999 11789
208 870 18110
209 619 27127
210 298 30868
211 229 25334
212 872 2798
213 534 25022
214 645 2887
215 958 22440
216 546 11994
217 827 9733
218 732 29858
219 618 28594
220 900 9093
221 764 10477
222 283 30925
223 355 22886
224 226 6871
225 862 17561
226 442 9231
227 516 27740
228 601 23068
229 322 8628
230 623 25943
231 919 6125
232 905 7298
233 234 11754
234 716 14519
235 804 25017
236 293 1438
237 823 8810
238 568 25059
239 350 29730
240 582 9191
241 831 6763
242 280 14006
243 513 15566
244 953 826
245 353 14756
246 979 31150
247 869 6953
248 812 20308
249 733 25298
250 422 17515
251 286 7905
252 469 1628
253 339 32310
254 564 564
255 818 22120
256 963 15190
257 765 20500
258 949 31346
259 378 11637
260 502 26801
261 596 24373
262 729 27442
263 652 23427
264 788 21178
265 894 27494
266 853 13223
267 770 25169
268 595 31270
269 338 29687
270 523 3750
271 486 7264
272 935 7821
273 321 20029
274 891 23849
275 792 23417
276 542 20713
277 991 19472
278 695 205
279 420 5924
280 551 5659
281 400 29262
282 633 18004
283 826 11058
284 855 6502
285 505 16214
286 354 24611
287 460 9780
288 901 28402
289 433 397
290 577 28868
291 459 10241
292 789 26186
293 705 15837
294 650 9574
295 497 20532
296 976 27871
297 894 9777
298 996 24664
299 863 15531
300 673 131
301 802 8186
302 696 29586
303 996 6153
304 586 12782
305 672 23213
306 736 27436
307 725 14389
308 998 14141
309 860 30275
310 369 26596
311 321 19674
312 836 3693
313 390 14775
314 951 2461
315 681 7653
316 738 12261
317 470 22924
318 395 27098
319 911 23050
320 520 20714
321 453 20036
322 746 9799
323 730 30014
324 421 13864
325 563 15082
326 765 31537
327 826 5950
328 765 5679
329 457 25481
330 617 28169
331 915 6663
332 773 3060
333 991 13235
334 528 2021
335 841 6236
336 686 6476
337 884 21755
338 500 8191
339 697 3140
340 786 14708
341 417 21883
342 402 13876
343 471 32137
344 866 908
345 461 24143
346 912 23942
347 826 16442
348 963 23832
349 662 31256
350 811 13978
351 719 17194
352 740 15485
353 370 27514
354 519 31291
355 426 28270
356 702 31626
357 814 5022
358 859 5077
359 528 4579
360 988 14828
361 646 26800
362 902 19451
363 403 25510
364 963 20409
365 922 31842
366 433 737
367 890 3738
368 795 20454
369 836 4712
370 525 31459
371 455 20709
372 740 6864
373 765 18170
374 426 13052
375 601 10867
376 978 183
377 774 17749
378 846 20815
379 468 7026
380 545 29759
381 507 3642
382 607 7586
383 441 29396
384 546 19694
385 939 20078
386 621 3038
387 906 11473
388 416 6576
389 567 17720
390 994 22161
391 465 24930
392 972 854
393 850 15078
394 440 10604
395 527 17095
396 453 16146
397 437 1864
398 787 23493
399 774 11265
400 881 4348
401 631 10291
402 692 15126
403 525 16217
404 650 24209
405 620 26623
406 690 25980
407 792 5335
408 882 20783
409 429 5130
410 728 13369
411 925 30924
412 420 2202
413 795 17203
414 428 13875
415 529 14921
416 456 23930
417 566 11360
418 896 14962
419 529 2469
420 947 13275
421 680 3320
422 982 27301
423 699 26363
424 429 23979
425 700 8041
426 916 30110
427 976 8362
428 449 3391
429 492 8612
430 908 18898
431 684 25043
432 440 22479
433 975 27548
434 579 24538
435 796 20702
436 831 18421
437 470 5579
438 761 5365
439 699 15862
440 868 50
441 577 12204
442 775 5507
443 680 24968
444 749 28010
445 706 1602
446 928 22411
447 836 10952
448 465 2403
449 524 31376
450 638 9526
451 947 7724
452 480 11593
453 514 26655
454 641 14162
455 817 17391
456 479 29741
457 650 7035
458 867 24528
459 587 9871
460 502 11649
461 844 22710
462 747 17479
463 864 24911
464 745 24478
465 786 29155
466 782 10350
467 490 16054
468 992 23102
469 680 28060
470 863 18597
471 934 26382
472 983 22786
473 861 15741
474 937 17517
475 865 7910
476 586 13806
477 974 1191
478 549 6380
479 754 5521
480 746 11240
481 666 28222
482 948 11115
483 858 17317
484 570 10556
485 732 5099
486 910 25559
487 792 22909
488 835 12827
489 729 29787
490 704 22339
491 833 15799
492 549 21271
493 797 31166
494 927 611
495 878 7094
496 555 9129
497 827 4169
498 904 5139
499 506 544
500 715 22699
501 926 19636
502 524 18382
503 960 4449
504 651 26334
505 777 8893
506 585 20536
507 544 14887
508 597 13670
509 531 11171
510 822 20885
511 534 3045
512 581 24649
513 705 31915
514 966 27727
515 603 4944
516 517 2804
517 666 3486
518 898 22388
519 680 18661
520 792 17077
521 969 12105
522 790 2869
523 736 3936
524 540 28993
525 563 4605
526 880 31593
527 818 16966
528 910 24368
529 694 23565
530 1000 25096
531 809 21597
532 622 18045
533 719 20562
534 725 6576
535 564 32302
536 897 29959
537 562 1194
538 600 2083
539 606 31882
540 645 32530
541 571 10356
542 714 6342
543 989 24322
544 616 454
545 653 23318
546 889 18212
547 743 26222
548 874 30127
549 997 4728
550 571 14697
551 698 29543
552 734 4412
553 661 4486
554 984 27368
555 633 1228
556 745 15168
557 964 28337
558 873 26262
559 620 17985
560 891 3444
561 802 10863
562 951 4493
563 690 11947
564 920 26354
565 795 21943
566 755 1417
567 590 11958
568 680 3772
569 917 18566
570 900 31598
571 612 28495
572 795 26163
573 657 26716
574 693 17856
575 660 8234
576 581 11168
577 852 32447
578 888 23337
579 753 22077
580 700 19631
581 814 8119
582 608 28919
583 689 31299
584 693 18670
585 612 8273
586 730 9627
587 800 18235
588 719 9299
589 927 7453
590 609 15148
591 723 22758
592 936 27060
593 887 4271
594 596 25058
595 974 19020
596 622 15692
597 761 31265
598 648 4763
599 639 25655
600 880 32572
601 772 5008
602 953 31065
603 889 23479
604 706 32264
605 614 6298
606 608 28610
607 681 8348
608 700 14614
609 676 7399
610 766 1950
611 911 15359
612 943 13107
613 701 29341
614 659 9565
615 829 16058
616 830 21773
617 755 8426
618 908 10895
619 928 16363
620 826 24506
621 734 27262
622 876 12394
623 683 27509
624 791 28464
625 986 25614
626 846 21063
627 836 8319
628 666 3274
629 937 6866
630 740 2085
631 878 8179
632 985 20938
633 759 19208
634 963 4389
635 649 19200
636 685 6609
637 729 9839
638 741 28172
639 808 29081
640 907 17768
641 645 10956
642 790 27588
643 719 12532
644 967 3195
645 748 2153
646 938 15835
647 860 25099
648 824 24793
649 997 6289
650 863 10498
651 745 6174
652 935 24757
653 803 25621
654 970 15760
655 897 12079
656 880 22824
657 723 14795
658 950 8701
659 986 27269
660 779 22701
661 802 21769
662 996 28007
663 688 9002
664 963 20899
665 957 5166
666 979 4624
667 850 1644
668 771 19662
669 899 16154
670 920 22494
671 750 25696
672 884 11223
673 754 23984
674 789 26330
675 699 3674
676 840 31687
677 979 7771
678 752 25009
679 996 17782
680 739 22416
681 992 19591
682 702 4150
683 826 14611
684 733 23173
685 906 22307
686 708 6622
687 769 5459
688 969 8924
689 792 26406
690 810 20547
691 748 8604
692 797 25651
693 711 1543
694 863 2466
695 811 28442
696 847 2569
697 789 21571
698 968 2908
699 985 5947
700 953 27200
701 799 20443
702 814 1145
703 919 2609
704 854 1953
705 869 10963
706 842 6176
707 992 28019
708 951 25688
709 844 12724
710 872 30752
711 959 2620
712 960 25716
713 860 16906
714 725 3946
715 816 19466
716 752 16488
717 894 20711
718 866 15509
719 755 20257
720 860 1933
721 863 351
722 983 7257
723 938 32518
724 992 12958
725 855 19210
726 877 25620
727 932 17669
728 892 17978
729 769 12422
730 976 19529
731 873 18091
732 825 1382
733 895 1522
734 742 2843
735 961 13388
736 954 13320
737 946 18291
738 977 24278
739 982 10110
740 943 26989
741 934 32691
742 779 10343
743 943 4508
744 845 29380
745 892 15965
746 814 5599
747 892 14916
748 776 17824
749 828 7842
750 858 23796
751 947 19929
752 976 634
753 780 23991
754 987 1408
755 957 31746
756 945 1837
757 943 340
758 930 17407
759 909 9769
760 987 4473
761 960 3639
762 854 25621
763 898 7678
764 954 29056
765 821 20127
766 904 17158
767 800 29681
768 918 19531
769 841 10450
770 874 23101
771 793 21947
772 988 28230
773 978 1432
774 961 22982
775 970 31958
776 940 11712
777 921 18109
778 892 21204
779 786 11520
780 854 23917
781 881 19858
782 862 29243
783 999 17084
784 797 20196
785 949 4461
786 818 19190
787 798 20945
788 911 25889
789 918 17956
790 891 12451
791 982 21449
792 842 14083
793 955 4758
794 818 8706
795 949 26227
796 820 16847
797 848 22307
798 890 17274
799 810 6753
800 988 11179
801 935 1071
802 910 27028
803 902 20843
804 879 5668
805 939 163
806 958 13181
807 846 11562
808 892 169
809 925 8299
810 906 13704
811 998 3454
812 897 15117
813 980 11001
814 860 13226
815 967 7945
816 996 26633
817 853 29121
818 841 27645
819 886 31153
820 998 4024
821 888 30395
822 900 28990
823 905 20258
824 939 16922
825 867 8932
826 964 5455
827 971 10570
828 883 18833
829 843 3261
830 843 25525
831 855 14555
832 835 28007
833 964 20170
834 965 11291
835 918 13260
836 911 17478
837 965 28180
838 970 7373
839 910 17369
840 926 5821
841 895 20648
842 892 27966
843 918 1278
844 973 20930
845 977 17430
846 978 6274
847 935 5120
848 995 2347
849 951 5107
850 893 10196
851 891 11492
852 866 2612
853 995 12375
854 869 3346
855 967 22902
856 909 32252
857 916 25696
858 960 3388
859 978 12227
860 892 7176
861 925 7341
862 916 15097
863 921 8351
864 916 27839
865 873 15844
866 972 274
867 883 22048
868 932 7147
869 937 2860
870 914 15605
871 980 8737
872 880 23358
873 972 7347
874 994 26931
875 978 31937
876 882 21707
877 889 26153
878 899 22530
879 991 4833
880 908 11657
881 987 19780
882 892 32188
883 951 25769
884 924 6100
885 886 20538
886 942 19294
887 891 29700
888 992 30188
889 911 15434
890 976 6410
891 936 799
892 986 3187
893 950 29748
894 897 8325
895 996 25326
896 917 17651
897 951 18107
898 948 1978
899 1000 20903
900 922 86
901 946 21802
902 923 31541
903 959 26948
904 948 31084
905 970 2508
906 917 22697
907 924 7686
908 952 14184
909 930 7795
910 933 26986
911 917 19693
912 959 4195
913 945 13043
914 917 11508
915 995 23105
916 927 15320
917 958 29603
918 919 13154
919 934 24588
920 997 29991
921 951 20450
922 972 2040
923 946 27805
924 989 11795
925 950 16528
926 972 11161
927 945 20742
928 1000 20803
929 933 7825
930 987 8017
931 975 32671
932 933 5316
933 942 2382
934 963 32461
935 969 31362
936 938 23685
937 949 23860
938 960 10974
939 963 21005
940 1000 11482
941 983 14899
942 995 1019
943 953 13155
944 986 11514
945 960 6720
946 996 13500
947 962 1770
948 963 14721
949 956 30675
950 986 3167
951 973 7886
952 955 1775
953 969 1129
954 979 26950
955 986 30077
956 982 21542
957 977 28419
958 966 13174
959 978 31785
960 996 11504
961 964 15014
962 977 26394
963 999 31050
964 974 15479
965 982 9433
966 995 12030
967 986 30489
968 976 12235
969 995 7210
970 981 3861
971 993 16918
972 989 10336
973 985 18089
974 990 7923
975 987 30595
976 999 16013
977 978 6251
978 991 21588
979 997 9190
980 992 5134
981 993 31240
982 992 23955
983 1000 29067
984 994 30338
985 992 32542
986 993 3124
987 989 26367
988 995 4590
989 992 11468
990 998 20315
991 997 13719
992 994 13113
993 994 20536
994 997 15954
995 1000 6119
996 1000 6830
997 1000 25866
998 999 13063
999 1000 16459
